"stratum","value","week","year"
"Baden.WÃ.rttemberg",4,1,2022
"Baden.WÃ.rttemberg",9,2,2022
"Baden.WÃ.rttemberg",9,3,2022
"Baden.WÃ.rttemberg",1,4,2022
"Baden.WÃ.rttemberg",4,5,2022
"Baden.WÃ.rttemberg",6,6,2022
"Baden.WÃ.rttemberg",11,7,2022
"Baden.WÃ.rttemberg",7,8,2022
"Baden.WÃ.rttemberg",11,9,2022
"Baden.WÃ.rttemberg",7,10,2022
"Baden.WÃ.rttemberg",7,11,2022
"Baden.WÃ.rttemberg",12,12,2022
"Baden.WÃ.rttemberg",6,13,2022
"Baden.WÃ.rttemberg",5,14,2022
"Baden.WÃ.rttemberg",8,15,2022
"Baden.WÃ.rttemberg",10,16,2022
"Baden.WÃ.rttemberg",15,17,2022
"Baden.WÃ.rttemberg",11,18,2022
"Baden.WÃ.rttemberg",5,19,2022
"Baden.WÃ.rttemberg",7,20,2022
"Baden.WÃ.rttemberg",2,21,2022
"Baden.WÃ.rttemberg",11,22,2022
"Baden.WÃ.rttemberg",10,23,2022
"Baden.WÃ.rttemberg",5,24,2022
"Baden.WÃ.rttemberg",4,25,2022
"Baden.WÃ.rttemberg",5,26,2022
"Baden.WÃ.rttemberg",6,27,2022
"Baden.WÃ.rttemberg",3,28,2022
"Baden.WÃ.rttemberg",6,29,2022
"Baden.WÃ.rttemberg",8,30,2022
"Baden.WÃ.rttemberg",6,31,2022
"Baden.WÃ.rttemberg",5,32,2022
"Baden.WÃ.rttemberg",5,33,2022
"Baden.WÃ.rttemberg",4,34,2022
"Baden.WÃ.rttemberg",4,35,2022
"Baden.WÃ.rttemberg",8,36,2022
"Baden.WÃ.rttemberg",4,37,2022
"Baden.WÃ.rttemberg",6,38,2022
"Baden.WÃ.rttemberg",8,39,2022
"Baden.WÃ.rttemberg",10,40,2022
"Bayern",8,1,2022
"Bayern",9,2,2022
"Bayern",1,3,2022
"Bayern",3,4,2022
"Bayern",4,5,2022
"Bayern",6,6,2022
"Bayern",5,7,2022
"Bayern",5,8,2022
"Bayern",3,9,2022
"Bayern",11,10,2022
"Bayern",5,11,2022
"Bayern",7,12,2022
"Bayern",5,13,2022
"Bayern",10,14,2022
"Bayern",8,15,2022
"Bayern",6,16,2022
"Bayern",15,17,2022
"Bayern",15,18,2022
"Bayern",6,19,2022
"Bayern",7,20,2022
"Bayern",12,21,2022
"Bayern",8,22,2022
"Bayern",7,23,2022
"Bayern",4,24,2022
"Bayern",7,25,2022
"Bayern",6,26,2022
"Bayern",3,27,2022
"Bayern",2,28,2022
"Bayern",6,29,2022
"Bayern",5,30,2022
"Bayern",11,31,2022
"Bayern",13,32,2022
"Bayern",2,33,2022
"Bayern",5,34,2022
"Bayern",2,35,2022
"Bayern",4,36,2022
"Bayern",2,37,2022
"Bayern",3,38,2022
"Bayern",8,39,2022
"Bayern",6,40,2022
"Berlin",1,1,2022
"Berlin",1,2,2022
"Berlin",3,3,2022
"Berlin",5,4,2022
"Berlin",4,5,2022
"Berlin",2,6,2022
"Berlin",1,7,2022
"Berlin",1,8,2022
"Berlin",2,9,2022
"Berlin",2,10,2022
"Berlin",4,11,2022
"Berlin",3,12,2022
"Berlin",3,13,2022
"Berlin",1,14,2022
"Berlin",2,15,2022
"Berlin",2,16,2022
"Berlin",4,17,2022
"Berlin",4,18,2022
"Berlin",7,19,2022
"Berlin",4,20,2022
"Berlin",2,21,2022
"Berlin",1,22,2022
"Berlin",4,23,2022
"Berlin",14,24,2022
"Berlin",3,25,2022
"Berlin",4,26,2022
"Berlin",1,27,2022
"Berlin",5,28,2022
"Berlin",3,29,2022
"Berlin",1,30,2022
"Berlin",3,31,2022
"Berlin",3,32,2022
"Berlin",2,33,2022
"Berlin",3,34,2022
"Berlin",NA,35,2022
"Berlin",4,36,2022
"Berlin",2,37,2022
"Berlin",5,38,2022
"Berlin",6,39,2022
"Berlin",6,40,2022
"Brandenburg",7,1,2022
"Brandenburg",2,2,2022
"Brandenburg",NA,3,2022
"Brandenburg",1,4,2022
"Brandenburg",NA,5,2022
"Brandenburg",NA,6,2022
"Brandenburg",3,7,2022
"Brandenburg",1,8,2022
"Brandenburg",2,9,2022
"Brandenburg",3,10,2022
"Brandenburg",6,11,2022
"Brandenburg",2,12,2022
"Brandenburg",7,13,2022
"Brandenburg",6,14,2022
"Brandenburg",2,15,2022
"Brandenburg",2,16,2022
"Brandenburg",3,17,2022
"Brandenburg",6,18,2022
"Brandenburg",3,19,2022
"Brandenburg",4,20,2022
"Brandenburg",2,21,2022
"Brandenburg",6,22,2022
"Brandenburg",2,23,2022
"Brandenburg",2,24,2022
"Brandenburg",2,25,2022
"Brandenburg",1,26,2022
"Brandenburg",NA,27,2022
"Brandenburg",5,28,2022
"Brandenburg",1,29,2022
"Brandenburg",5,30,2022
"Brandenburg",1,31,2022
"Brandenburg",NA,32,2022
"Brandenburg",3,33,2022
"Brandenburg",2,34,2022
"Brandenburg",1,35,2022
"Brandenburg",5,36,2022
"Brandenburg",1,37,2022
"Brandenburg",1,38,2022
"Brandenburg",3,39,2022
"Brandenburg",1,40,2022
"Bremen",NA,1,2022
"Bremen",NA,2,2022
"Bremen",NA,3,2022
"Bremen",1,4,2022
"Bremen",NA,5,2022
"Bremen",NA,6,2022
"Bremen",NA,7,2022
"Bremen",NA,8,2022
"Bremen",NA,9,2022
"Bremen",2,10,2022
"Bremen",2,11,2022
"Bremen",1,12,2022
"Bremen",3,13,2022
"Bremen",NA,14,2022
"Bremen",1,15,2022
"Bremen",NA,16,2022
"Bremen",NA,17,2022
"Bremen",NA,18,2022
"Bremen",1,19,2022
"Bremen",NA,20,2022
"Bremen",1,21,2022
"Bremen",2,22,2022
"Bremen",NA,23,2022
"Bremen",NA,24,2022
"Bremen",NA,25,2022
"Bremen",2,26,2022
"Bremen",NA,27,2022
"Bremen",1,28,2022
"Bremen",4,29,2022
"Bremen",NA,30,2022
"Bremen",NA,31,2022
"Bremen",NA,32,2022
"Bremen",3,33,2022
"Bremen",NA,34,2022
"Bremen",NA,35,2022
"Bremen",NA,36,2022
"Bremen",NA,37,2022
"Bremen",NA,38,2022
"Bremen",NA,39,2022
"Bremen",2,40,2022
"Hamburg",NA,1,2022
"Hamburg",NA,2,2022
"Hamburg",NA,3,2022
"Hamburg",NA,4,2022
"Hamburg",NA,5,2022
"Hamburg",1,6,2022
"Hamburg",NA,7,2022
"Hamburg",NA,8,2022
"Hamburg",1,9,2022
"Hamburg",NA,10,2022
"Hamburg",1,11,2022
"Hamburg",NA,12,2022
"Hamburg",1,13,2022
"Hamburg",NA,14,2022
"Hamburg",NA,15,2022
"Hamburg",2,16,2022
"Hamburg",2,17,2022
"Hamburg",1,18,2022
"Hamburg",3,19,2022
"Hamburg",NA,20,2022
"Hamburg",3,21,2022
"Hamburg",1,22,2022
"Hamburg",3,23,2022
"Hamburg",1,24,2022
"Hamburg",2,25,2022
"Hamburg",NA,26,2022
"Hamburg",NA,27,2022
"Hamburg",4,28,2022
"Hamburg",2,29,2022
"Hamburg",2,30,2022
"Hamburg",NA,31,2022
"Hamburg",1,32,2022
"Hamburg",1,33,2022
"Hamburg",NA,34,2022
"Hamburg",4,35,2022
"Hamburg",2,36,2022
"Hamburg",4,37,2022
"Hamburg",1,38,2022
"Hamburg",1,39,2022
"Hamburg",NA,40,2022
"Hessen",4,1,2022
"Hessen",NA,2,2022
"Hessen",NA,3,2022
"Hessen",NA,4,2022
"Hessen",NA,5,2022
"Hessen",2,6,2022
"Hessen",2,7,2022
"Hessen",3,8,2022
"Hessen",4,9,2022
"Hessen",3,10,2022
"Hessen",1,11,2022
"Hessen",1,12,2022
"Hessen",4,13,2022
"Hessen",NA,14,2022
"Hessen",NA,15,2022
"Hessen",2,16,2022
"Hessen",2,17,2022
"Hessen",6,18,2022
"Hessen",3,19,2022
"Hessen",2,20,2022
"Hessen",3,21,2022
"Hessen",1,22,2022
"Hessen",4,23,2022
"Hessen",3,24,2022
"Hessen",3,25,2022
"Hessen",3,26,2022
"Hessen",3,27,2022
"Hessen",4,28,2022
"Hessen",3,29,2022
"Hessen",2,30,2022
"Hessen",NA,31,2022
"Hessen",4,32,2022
"Hessen",2,33,2022
"Hessen",3,34,2022
"Hessen",1,35,2022
"Hessen",3,36,2022
"Hessen",NA,37,2022
"Hessen",1,38,2022
"Hessen",4,39,2022
"Hessen",4,40,2022
"Mecklenburg.Vorpommern",3,1,2022
"Mecklenburg.Vorpommern",6,2,2022
"Mecklenburg.Vorpommern",1,3,2022
"Mecklenburg.Vorpommern",3,4,2022
"Mecklenburg.Vorpommern",NA,5,2022
"Mecklenburg.Vorpommern",1,6,2022
"Mecklenburg.Vorpommern",1,7,2022
"Mecklenburg.Vorpommern",2,8,2022
"Mecklenburg.Vorpommern",4,9,2022
"Mecklenburg.Vorpommern",1,10,2022
"Mecklenburg.Vorpommern",3,11,2022
"Mecklenburg.Vorpommern",NA,12,2022
"Mecklenburg.Vorpommern",NA,13,2022
"Mecklenburg.Vorpommern",4,14,2022
"Mecklenburg.Vorpommern",1,15,2022
"Mecklenburg.Vorpommern",2,16,2022
"Mecklenburg.Vorpommern",2,17,2022
"Mecklenburg.Vorpommern",4,18,2022
"Mecklenburg.Vorpommern",5,19,2022
"Mecklenburg.Vorpommern",1,20,2022
"Mecklenburg.Vorpommern",1,21,2022
"Mecklenburg.Vorpommern",6,22,2022
"Mecklenburg.Vorpommern",2,23,2022
"Mecklenburg.Vorpommern",3,24,2022
"Mecklenburg.Vorpommern",1,25,2022
"Mecklenburg.Vorpommern",3,26,2022
"Mecklenburg.Vorpommern",2,27,2022
"Mecklenburg.Vorpommern",1,28,2022
"Mecklenburg.Vorpommern",NA,29,2022
"Mecklenburg.Vorpommern",1,30,2022
"Mecklenburg.Vorpommern",NA,31,2022
"Mecklenburg.Vorpommern",4,32,2022
"Mecklenburg.Vorpommern",3,33,2022
"Mecklenburg.Vorpommern",1,34,2022
"Mecklenburg.Vorpommern",NA,35,2022
"Mecklenburg.Vorpommern",2,36,2022
"Mecklenburg.Vorpommern",3,37,2022
"Mecklenburg.Vorpommern",NA,38,2022
"Mecklenburg.Vorpommern",2,39,2022
"Mecklenburg.Vorpommern",3,40,2022
"Niedersachsen",3,1,2022
"Niedersachsen",4,2,2022
"Niedersachsen",4,3,2022
"Niedersachsen",3,4,2022
"Niedersachsen",NA,5,2022
"Niedersachsen",5,6,2022
"Niedersachsen",4,7,2022
"Niedersachsen",NA,8,2022
"Niedersachsen",1,9,2022
"Niedersachsen",6,10,2022
"Niedersachsen",2,11,2022
"Niedersachsen",4,12,2022
"Niedersachsen",3,13,2022
"Niedersachsen",4,14,2022
"Niedersachsen",5,15,2022
"Niedersachsen",4,16,2022
"Niedersachsen",4,17,2022
"Niedersachsen",2,18,2022
"Niedersachsen",5,19,2022
"Niedersachsen",7,20,2022
"Niedersachsen",3,21,2022
"Niedersachsen",6,22,2022
"Niedersachsen",9,23,2022
"Niedersachsen",7,24,2022
"Niedersachsen",7,25,2022
"Niedersachsen",4,26,2022
"Niedersachsen",3,27,2022
"Niedersachsen",4,28,2022
"Niedersachsen",4,29,2022
"Niedersachsen",2,30,2022
"Niedersachsen",8,31,2022
"Niedersachsen",4,32,2022
"Niedersachsen",3,33,2022
"Niedersachsen",2,34,2022
"Niedersachsen",1,35,2022
"Niedersachsen",1,36,2022
"Niedersachsen",3,37,2022
"Niedersachsen",3,38,2022
"Niedersachsen",5,39,2022
"Niedersachsen",8,40,2022
"Nordrhein.Westfalen",16,1,2022
"Nordrhein.Westfalen",7,2,2022
"Nordrhein.Westfalen",4,3,2022
"Nordrhein.Westfalen",8,4,2022
"Nordrhein.Westfalen",15,5,2022
"Nordrhein.Westfalen",8,6,2022
"Nordrhein.Westfalen",7,7,2022
"Nordrhein.Westfalen",3,8,2022
"Nordrhein.Westfalen",9,9,2022
"Nordrhein.Westfalen",4,10,2022
"Nordrhein.Westfalen",7,11,2022
"Nordrhein.Westfalen",17,12,2022
"Nordrhein.Westfalen",14,13,2022
"Nordrhein.Westfalen",11,14,2022
"Nordrhein.Westfalen",18,15,2022
"Nordrhein.Westfalen",18,16,2022
"Nordrhein.Westfalen",23,17,2022
"Nordrhein.Westfalen",11,18,2022
"Nordrhein.Westfalen",14,19,2022
"Nordrhein.Westfalen",21,20,2022
"Nordrhein.Westfalen",9,21,2022
"Nordrhein.Westfalen",14,22,2022
"Nordrhein.Westfalen",15,23,2022
"Nordrhein.Westfalen",11,24,2022
"Nordrhein.Westfalen",22,25,2022
"Nordrhein.Westfalen",21,26,2022
"Nordrhein.Westfalen",9,27,2022
"Nordrhein.Westfalen",16,28,2022
"Nordrhein.Westfalen",11,29,2022
"Nordrhein.Westfalen",10,30,2022
"Nordrhein.Westfalen",8,31,2022
"Nordrhein.Westfalen",10,32,2022
"Nordrhein.Westfalen",10,33,2022
"Nordrhein.Westfalen",7,34,2022
"Nordrhein.Westfalen",9,35,2022
"Nordrhein.Westfalen",15,36,2022
"Nordrhein.Westfalen",21,37,2022
"Nordrhein.Westfalen",20,38,2022
"Nordrhein.Westfalen",23,39,2022
"Nordrhein.Westfalen",14,40,2022
"Rheinland.Pfalz",1,1,2022
"Rheinland.Pfalz",NA,2,2022
"Rheinland.Pfalz",NA,3,2022
"Rheinland.Pfalz",NA,4,2022
"Rheinland.Pfalz",1,5,2022
"Rheinland.Pfalz",2,6,2022
"Rheinland.Pfalz",3,7,2022
"Rheinland.Pfalz",NA,8,2022
"Rheinland.Pfalz",3,9,2022
"Rheinland.Pfalz",NA,10,2022
"Rheinland.Pfalz",2,11,2022
"Rheinland.Pfalz",1,12,2022
"Rheinland.Pfalz",1,13,2022
"Rheinland.Pfalz",2,14,2022
"Rheinland.Pfalz",1,15,2022
"Rheinland.Pfalz",1,16,2022
"Rheinland.Pfalz",3,17,2022
"Rheinland.Pfalz",5,18,2022
"Rheinland.Pfalz",3,19,2022
"Rheinland.Pfalz",1,20,2022
"Rheinland.Pfalz",2,21,2022
"Rheinland.Pfalz",2,22,2022
"Rheinland.Pfalz",1,23,2022
"Rheinland.Pfalz",3,24,2022
"Rheinland.Pfalz",4,25,2022
"Rheinland.Pfalz",2,26,2022
"Rheinland.Pfalz",NA,27,2022
"Rheinland.Pfalz",4,28,2022
"Rheinland.Pfalz",1,29,2022
"Rheinland.Pfalz",3,30,2022
"Rheinland.Pfalz",4,31,2022
"Rheinland.Pfalz",1,32,2022
"Rheinland.Pfalz",2,33,2022
"Rheinland.Pfalz",3,34,2022
"Rheinland.Pfalz",1,35,2022
"Rheinland.Pfalz",2,36,2022
"Rheinland.Pfalz",NA,37,2022
"Rheinland.Pfalz",NA,38,2022
"Rheinland.Pfalz",1,39,2022
"Rheinland.Pfalz",2,40,2022
"Saarland",NA,1,2022
"Saarland",NA,2,2022
"Saarland",NA,3,2022
"Saarland",NA,4,2022
"Saarland",NA,5,2022
"Saarland",NA,6,2022
"Saarland",NA,7,2022
"Saarland",NA,8,2022
"Saarland",NA,9,2022
"Saarland",NA,10,2022
"Saarland",NA,11,2022
"Saarland",NA,12,2022
"Saarland",NA,13,2022
"Saarland",NA,14,2022
"Saarland",3,15,2022
"Saarland",NA,16,2022
"Saarland",1,17,2022
"Saarland",NA,18,2022
"Saarland",NA,19,2022
"Saarland",NA,20,2022
"Saarland",NA,21,2022
"Saarland",1,22,2022
"Saarland",NA,23,2022
"Saarland",1,24,2022
"Saarland",1,25,2022
"Saarland",NA,26,2022
"Saarland",NA,27,2022
"Saarland",NA,28,2022
"Saarland",1,29,2022
"Saarland",2,30,2022
"Saarland",NA,31,2022
"Saarland",NA,32,2022
"Saarland",1,33,2022
"Saarland",1,34,2022
"Saarland",NA,35,2022
"Saarland",NA,36,2022
"Saarland",NA,37,2022
"Saarland",NA,38,2022
"Saarland",NA,39,2022
"Saarland",NA,40,2022
"Sachsen",5,1,2022
"Sachsen",6,2,2022
"Sachsen",4,3,2022
"Sachsen",6,4,2022
"Sachsen",8,5,2022
"Sachsen",3,6,2022
"Sachsen",1,7,2022
"Sachsen",5,8,2022
"Sachsen",9,9,2022
"Sachsen",4,10,2022
"Sachsen",5,11,2022
"Sachsen",5,12,2022
"Sachsen",5,13,2022
"Sachsen",6,14,2022
"Sachsen",3,15,2022
"Sachsen",4,16,2022
"Sachsen",9,17,2022
"Sachsen",13,18,2022
"Sachsen",4,19,2022
"Sachsen",5,20,2022
"Sachsen",2,21,2022
"Sachsen",4,22,2022
"Sachsen",3,23,2022
"Sachsen",3,24,2022
"Sachsen",1,25,2022
"Sachsen",3,26,2022
"Sachsen",5,27,2022
"Sachsen",4,28,2022
"Sachsen",6,29,2022
"Sachsen",3,30,2022
"Sachsen",3,31,2022
"Sachsen",NA,32,2022
"Sachsen",4,33,2022
"Sachsen",2,34,2022
"Sachsen",2,35,2022
"Sachsen",1,36,2022
"Sachsen",7,37,2022
"Sachsen",3,38,2022
"Sachsen",4,39,2022
"Sachsen",6,40,2022
"Sachsen.Anhalt",NA,1,2022
"Sachsen.Anhalt",3,2,2022
"Sachsen.Anhalt",2,3,2022
"Sachsen.Anhalt",2,4,2022
"Sachsen.Anhalt",1,5,2022
"Sachsen.Anhalt",2,6,2022
"Sachsen.Anhalt",4,7,2022
"Sachsen.Anhalt",3,8,2022
"Sachsen.Anhalt",3,9,2022
"Sachsen.Anhalt",4,10,2022
"Sachsen.Anhalt",2,11,2022
"Sachsen.Anhalt",1,12,2022
"Sachsen.Anhalt",3,13,2022
"Sachsen.Anhalt",2,14,2022
"Sachsen.Anhalt",1,15,2022
"Sachsen.Anhalt",NA,16,2022
"Sachsen.Anhalt",1,17,2022
"Sachsen.Anhalt",NA,18,2022
"Sachsen.Anhalt",2,19,2022
"Sachsen.Anhalt",4,20,2022
"Sachsen.Anhalt",1,21,2022
"Sachsen.Anhalt",3,22,2022
"Sachsen.Anhalt",2,23,2022
"Sachsen.Anhalt",4,24,2022
"Sachsen.Anhalt",1,25,2022
"Sachsen.Anhalt",2,26,2022
"Sachsen.Anhalt",1,27,2022
"Sachsen.Anhalt",1,28,2022
"Sachsen.Anhalt",2,29,2022
"Sachsen.Anhalt",2,30,2022
"Sachsen.Anhalt",1,31,2022
"Sachsen.Anhalt",NA,32,2022
"Sachsen.Anhalt",2,33,2022
"Sachsen.Anhalt",NA,34,2022
"Sachsen.Anhalt",1,35,2022
"Sachsen.Anhalt",NA,36,2022
"Sachsen.Anhalt",NA,37,2022
"Sachsen.Anhalt",1,38,2022
"Sachsen.Anhalt",2,39,2022
"Sachsen.Anhalt",NA,40,2022
"Schleswig.Holstein",NA,1,2022
"Schleswig.Holstein",1,2,2022
"Schleswig.Holstein",2,3,2022
"Schleswig.Holstein",1,4,2022
"Schleswig.Holstein",1,5,2022
"Schleswig.Holstein",1,6,2022
"Schleswig.Holstein",NA,7,2022
"Schleswig.Holstein",3,8,2022
"Schleswig.Holstein",NA,9,2022
"Schleswig.Holstein",1,10,2022
"Schleswig.Holstein",2,11,2022
"Schleswig.Holstein",1,12,2022
"Schleswig.Holstein",2,13,2022
"Schleswig.Holstein",1,14,2022
"Schleswig.Holstein",2,15,2022
"Schleswig.Holstein",3,16,2022
"Schleswig.Holstein",1,17,2022
"Schleswig.Holstein",NA,18,2022
"Schleswig.Holstein",NA,19,2022
"Schleswig.Holstein",3,20,2022
"Schleswig.Holstein",2,21,2022
"Schleswig.Holstein",2,22,2022
"Schleswig.Holstein",1,23,2022
"Schleswig.Holstein",3,24,2022
"Schleswig.Holstein",1,25,2022
"Schleswig.Holstein",2,26,2022
"Schleswig.Holstein",2,27,2022
"Schleswig.Holstein",NA,28,2022
"Schleswig.Holstein",NA,29,2022
"Schleswig.Holstein",1,30,2022
"Schleswig.Holstein",1,31,2022
"Schleswig.Holstein",NA,32,2022
"Schleswig.Holstein",1,33,2022
"Schleswig.Holstein",NA,34,2022
"Schleswig.Holstein",4,35,2022
"Schleswig.Holstein",NA,36,2022
"Schleswig.Holstein",NA,37,2022
"Schleswig.Holstein",2,38,2022
"Schleswig.Holstein",2,39,2022
"Schleswig.Holstein",2,40,2022
"ThÃ.ringen",NA,1,2022
"ThÃ.ringen",NA,2,2022
"ThÃ.ringen",NA,3,2022
"ThÃ.ringen",NA,4,2022
"ThÃ.ringen",NA,5,2022
"ThÃ.ringen",NA,6,2022
"ThÃ.ringen",NA,7,2022
"ThÃ.ringen",NA,8,2022
"ThÃ.ringen",NA,9,2022
"ThÃ.ringen",NA,10,2022
"ThÃ.ringen",NA,11,2022
"ThÃ.ringen",NA,12,2022
"ThÃ.ringen",2,13,2022
"ThÃ.ringen",1,14,2022
"ThÃ.ringen",NA,15,2022
"ThÃ.ringen",1,16,2022
"ThÃ.ringen",1,17,2022
"ThÃ.ringen",1,18,2022
"ThÃ.ringen",NA,19,2022
"ThÃ.ringen",1,20,2022
"ThÃ.ringen",1,21,2022
"ThÃ.ringen",1,22,2022
"ThÃ.ringen",1,23,2022
"ThÃ.ringen",NA,24,2022
"ThÃ.ringen",1,25,2022
"ThÃ.ringen",1,26,2022
"ThÃ.ringen",NA,27,2022
"ThÃ.ringen",1,28,2022
"ThÃ.ringen",NA,29,2022
"ThÃ.ringen",NA,30,2022
"ThÃ.ringen",1,31,2022
"ThÃ.ringen",NA,32,2022
"ThÃ.ringen",1,33,2022
"ThÃ.ringen",NA,34,2022
"ThÃ.ringen",NA,35,2022
"ThÃ.ringen",1,36,2022
"ThÃ.ringen",1,37,2022
"ThÃ.ringen",3,38,2022
"ThÃ.ringen",1,39,2022
"ThÃ.ringen",NA,40,2022
"Baden.WÃ.rttemberg",NA,1,2021
"Baden.WÃ.rttemberg",1,2,2021
"Baden.WÃ.rttemberg",2,3,2021
"Baden.WÃ.rttemberg",1,4,2021
"Baden.WÃ.rttemberg",1,5,2021
"Baden.WÃ.rttemberg",1,6,2021
"Baden.WÃ.rttemberg",NA,7,2021
"Baden.WÃ.rttemberg",1,8,2021
"Baden.WÃ.rttemberg",NA,9,2021
"Baden.WÃ.rttemberg",NA,10,2021
"Baden.WÃ.rttemberg",1,11,2021
"Baden.WÃ.rttemberg",NA,12,2021
"Baden.WÃ.rttemberg",1,13,2021
"Baden.WÃ.rttemberg",NA,14,2021
"Baden.WÃ.rttemberg",1,15,2021
"Baden.WÃ.rttemberg",NA,16,2021
"Baden.WÃ.rttemberg",NA,17,2021
"Baden.WÃ.rttemberg",1,18,2021
"Baden.WÃ.rttemberg",NA,19,2021
"Baden.WÃ.rttemberg",2,20,2021
"Baden.WÃ.rttemberg",NA,21,2021
"Baden.WÃ.rttemberg",1,22,2021
"Baden.WÃ.rttemberg",1,23,2021
"Baden.WÃ.rttemberg",1,24,2021
"Baden.WÃ.rttemberg",1,25,2021
"Baden.WÃ.rttemberg",NA,26,2021
"Baden.WÃ.rttemberg",NA,27,2021
"Baden.WÃ.rttemberg",1,28,2021
"Baden.WÃ.rttemberg",2,29,2021
"Baden.WÃ.rttemberg",5,30,2021
"Baden.WÃ.rttemberg",3,31,2021
"Baden.WÃ.rttemberg",1,32,2021
"Baden.WÃ.rttemberg",1,33,2021
"Baden.WÃ.rttemberg",1,34,2021
"Baden.WÃ.rttemberg",NA,35,2021
"Baden.WÃ.rttemberg",3,36,2021
"Baden.WÃ.rttemberg",NA,37,2021
"Baden.WÃ.rttemberg",NA,38,2021
"Baden.WÃ.rttemberg",2,39,2021
"Baden.WÃ.rttemberg",1,40,2021
"Baden.WÃ.rttemberg",NA,41,2021
"Baden.WÃ.rttemberg",4,42,2021
"Baden.WÃ.rttemberg",5,43,2021
"Baden.WÃ.rttemberg",6,44,2021
"Baden.WÃ.rttemberg",9,45,2021
"Baden.WÃ.rttemberg",9,46,2021
"Baden.WÃ.rttemberg",12,47,2021
"Baden.WÃ.rttemberg",11,48,2021
"Baden.WÃ.rttemberg",7,49,2021
"Baden.WÃ.rttemberg",2,50,2021
"Baden.WÃ.rttemberg",14,51,2021
"Baden.WÃ.rttemberg",15,52,2021
"Bayern",2,1,2021
"Bayern",NA,2,2021
"Bayern",1,3,2021
"Bayern",1,4,2021
"Bayern",NA,5,2021
"Bayern",NA,6,2021
"Bayern",NA,7,2021
"Bayern",NA,8,2021
"Bayern",1,9,2021
"Bayern",2,10,2021
"Bayern",2,11,2021
"Bayern",1,12,2021
"Bayern",NA,13,2021
"Bayern",1,14,2021
"Bayern",1,15,2021
"Bayern",1,16,2021
"Bayern",NA,17,2021
"Bayern",NA,18,2021
"Bayern",1,19,2021
"Bayern",NA,20,2021
"Bayern",3,21,2021
"Bayern",1,22,2021
"Bayern",NA,23,2021
"Bayern",2,24,2021
"Bayern",1,25,2021
"Bayern",1,26,2021
"Bayern",2,27,2021
"Bayern",1,28,2021
"Bayern",1,29,2021
"Bayern",NA,30,2021
"Bayern",2,31,2021
"Bayern",4,32,2021
"Bayern",1,33,2021
"Bayern",2,34,2021
"Bayern",NA,35,2021
"Bayern",4,36,2021
"Bayern",1,37,2021
"Bayern",3,38,2021
"Bayern",2,39,2021
"Bayern",2,40,2021
"Bayern",4,41,2021
"Bayern",6,42,2021
"Bayern",7,43,2021
"Bayern",1,44,2021
"Bayern",11,45,2021
"Bayern",9,46,2021
"Bayern",8,47,2021
"Bayern",5,48,2021
"Bayern",3,49,2021
"Bayern",9,50,2021
"Bayern",6,51,2021
"Bayern",11,52,2021
"Berlin",1,1,2021
"Berlin",1,2,2021
"Berlin",2,3,2021
"Berlin",4,4,2021
"Berlin",NA,5,2021
"Berlin",1,6,2021
"Berlin",2,7,2021
"Berlin",NA,8,2021
"Berlin",NA,9,2021
"Berlin",NA,10,2021
"Berlin",NA,11,2021
"Berlin",1,12,2021
"Berlin",NA,13,2021
"Berlin",1,14,2021
"Berlin",NA,15,2021
"Berlin",NA,16,2021
"Berlin",NA,17,2021
"Berlin",2,18,2021
"Berlin",NA,19,2021
"Berlin",1,20,2021
"Berlin",6,21,2021
"Berlin",1,22,2021
"Berlin",1,23,2021
"Berlin",NA,24,2021
"Berlin",1,25,2021
"Berlin",NA,26,2021
"Berlin",2,27,2021
"Berlin",1,28,2021
"Berlin",1,29,2021
"Berlin",2,30,2021
"Berlin",1,31,2021
"Berlin",NA,32,2021
"Berlin",2,33,2021
"Berlin",2,34,2021
"Berlin",NA,35,2021
"Berlin",NA,36,2021
"Berlin",NA,37,2021
"Berlin",2,38,2021
"Berlin",2,39,2021
"Berlin",2,40,2021
"Berlin",3,41,2021
"Berlin",1,42,2021
"Berlin",6,43,2021
"Berlin",4,44,2021
"Berlin",6,45,2021
"Berlin",4,46,2021
"Berlin",2,47,2021
"Berlin",3,48,2021
"Berlin",5,49,2021
"Berlin",1,50,2021
"Berlin",5,51,2021
"Berlin",1,52,2021
"Brandenburg",1,1,2021
"Brandenburg",1,2,2021
"Brandenburg",1,3,2021
"Brandenburg",NA,4,2021
"Brandenburg",NA,5,2021
"Brandenburg",NA,6,2021
"Brandenburg",1,7,2021
"Brandenburg",NA,8,2021
"Brandenburg",NA,9,2021
"Brandenburg",2,10,2021
"Brandenburg",1,11,2021
"Brandenburg",1,12,2021
"Brandenburg",1,13,2021
"Brandenburg",2,14,2021
"Brandenburg",1,15,2021
"Brandenburg",1,16,2021
"Brandenburg",NA,17,2021
"Brandenburg",2,18,2021
"Brandenburg",1,19,2021
"Brandenburg",2,20,2021
"Brandenburg",NA,21,2021
"Brandenburg",1,22,2021
"Brandenburg",1,23,2021
"Brandenburg",1,24,2021
"Brandenburg",1,25,2021
"Brandenburg",NA,26,2021
"Brandenburg",4,27,2021
"Brandenburg",1,28,2021
"Brandenburg",1,29,2021
"Brandenburg",1,30,2021
"Brandenburg",2,31,2021
"Brandenburg",3,32,2021
"Brandenburg",NA,33,2021
"Brandenburg",NA,34,2021
"Brandenburg",NA,35,2021
"Brandenburg",1,36,2021
"Brandenburg",1,37,2021
"Brandenburg",NA,38,2021
"Brandenburg",3,39,2021
"Brandenburg",NA,40,2021
"Brandenburg",NA,41,2021
"Brandenburg",2,42,2021
"Brandenburg",3,43,2021
"Brandenburg",4,44,2021
"Brandenburg",NA,45,2021
"Brandenburg",4,46,2021
"Brandenburg",3,47,2021
"Brandenburg",2,48,2021
"Brandenburg",3,49,2021
"Brandenburg",1,50,2021
"Brandenburg",3,51,2021
"Brandenburg",NA,52,2021
"Bremen",NA,1,2021
"Bremen",NA,2,2021
"Bremen",1,3,2021
"Bremen",NA,4,2021
"Bremen",NA,5,2021
"Bremen",NA,6,2021
"Bremen",NA,7,2021
"Bremen",NA,8,2021
"Bremen",NA,9,2021
"Bremen",NA,10,2021
"Bremen",NA,11,2021
"Bremen",NA,12,2021
"Bremen",1,13,2021
"Bremen",NA,14,2021
"Bremen",NA,15,2021
"Bremen",NA,16,2021
"Bremen",NA,17,2021
"Bremen",NA,18,2021
"Bremen",NA,19,2021
"Bremen",NA,20,2021
"Bremen",NA,21,2021
"Bremen",NA,22,2021
"Bremen",NA,23,2021
"Bremen",NA,24,2021
"Bremen",NA,25,2021
"Bremen",NA,26,2021
"Bremen",NA,27,2021
"Bremen",NA,28,2021
"Bremen",NA,29,2021
"Bremen",NA,30,2021
"Bremen",NA,31,2021
"Bremen",1,32,2021
"Bremen",NA,33,2021
"Bremen",NA,34,2021
"Bremen",NA,35,2021
"Bremen",NA,36,2021
"Bremen",NA,37,2021
"Bremen",NA,38,2021
"Bremen",NA,39,2021
"Bremen",NA,40,2021
"Bremen",NA,41,2021
"Bremen",NA,42,2021
"Bremen",NA,43,2021
"Bremen",NA,44,2021
"Bremen",NA,45,2021
"Bremen",NA,46,2021
"Bremen",NA,47,2021
"Bremen",NA,48,2021
"Bremen",NA,49,2021
"Bremen",2,50,2021
"Bremen",NA,51,2021
"Bremen",NA,52,2021
"Hamburg",NA,1,2021
"Hamburg",NA,2,2021
"Hamburg",NA,3,2021
"Hamburg",NA,4,2021
"Hamburg",NA,5,2021
"Hamburg",NA,6,2021
"Hamburg",NA,7,2021
"Hamburg",NA,8,2021
"Hamburg",NA,9,2021
"Hamburg",NA,10,2021
"Hamburg",NA,11,2021
"Hamburg",NA,12,2021
"Hamburg",NA,13,2021
"Hamburg",NA,14,2021
"Hamburg",NA,15,2021
"Hamburg",NA,16,2021
"Hamburg",NA,17,2021
"Hamburg",NA,18,2021
"Hamburg",NA,19,2021
"Hamburg",NA,20,2021
"Hamburg",NA,21,2021
"Hamburg",NA,22,2021
"Hamburg",NA,23,2021
"Hamburg",NA,24,2021
"Hamburg",1,25,2021
"Hamburg",NA,26,2021
"Hamburg",NA,27,2021
"Hamburg",NA,28,2021
"Hamburg",NA,29,2021
"Hamburg",NA,30,2021
"Hamburg",NA,31,2021
"Hamburg",NA,32,2021
"Hamburg",NA,33,2021
"Hamburg",NA,34,2021
"Hamburg",1,35,2021
"Hamburg",1,36,2021
"Hamburg",NA,37,2021
"Hamburg",NA,38,2021
"Hamburg",1,39,2021
"Hamburg",NA,40,2021
"Hamburg",2,41,2021
"Hamburg",NA,42,2021
"Hamburg",NA,43,2021
"Hamburg",NA,44,2021
"Hamburg",NA,45,2021
"Hamburg",NA,46,2021
"Hamburg",NA,47,2021
"Hamburg",1,48,2021
"Hamburg",NA,49,2021
"Hamburg",NA,50,2021
"Hamburg",NA,51,2021
"Hamburg",NA,52,2021
"Hessen",NA,1,2021
"Hessen",NA,2,2021
"Hessen",NA,3,2021
"Hessen",NA,4,2021
"Hessen",NA,5,2021
"Hessen",NA,6,2021
"Hessen",NA,7,2021
"Hessen",NA,8,2021
"Hessen",NA,9,2021
"Hessen",NA,10,2021
"Hessen",NA,11,2021
"Hessen",NA,12,2021
"Hessen",NA,13,2021
"Hessen",1,14,2021
"Hessen",NA,15,2021
"Hessen",NA,16,2021
"Hessen",NA,17,2021
"Hessen",NA,18,2021
"Hessen",NA,19,2021
"Hessen",NA,20,2021
"Hessen",NA,21,2021
"Hessen",1,22,2021
"Hessen",2,23,2021
"Hessen",1,24,2021
"Hessen",NA,25,2021
"Hessen",NA,26,2021
"Hessen",NA,27,2021
"Hessen",NA,28,2021
"Hessen",NA,29,2021
"Hessen",1,30,2021
"Hessen",1,31,2021
"Hessen",NA,32,2021
"Hessen",NA,33,2021
"Hessen",1,34,2021
"Hessen",1,35,2021
"Hessen",NA,36,2021
"Hessen",1,37,2021
"Hessen",NA,38,2021
"Hessen",1,39,2021
"Hessen",NA,40,2021
"Hessen",1,41,2021
"Hessen",2,42,2021
"Hessen",2,43,2021
"Hessen",1,44,2021
"Hessen",3,45,2021
"Hessen",2,46,2021
"Hessen",NA,47,2021
"Hessen",2,48,2021
"Hessen",2,49,2021
"Hessen",3,50,2021
"Hessen",1,51,2021
"Hessen",2,52,2021
"Mecklenburg.Vorpommern",NA,1,2021
"Mecklenburg.Vorpommern",NA,2,2021
"Mecklenburg.Vorpommern",NA,3,2021
"Mecklenburg.Vorpommern",NA,4,2021
"Mecklenburg.Vorpommern",NA,5,2021
"Mecklenburg.Vorpommern",2,6,2021
"Mecklenburg.Vorpommern",NA,7,2021
"Mecklenburg.Vorpommern",1,8,2021
"Mecklenburg.Vorpommern",NA,9,2021
"Mecklenburg.Vorpommern",NA,10,2021
"Mecklenburg.Vorpommern",NA,11,2021
"Mecklenburg.Vorpommern",1,12,2021
"Mecklenburg.Vorpommern",NA,13,2021
"Mecklenburg.Vorpommern",NA,14,2021
"Mecklenburg.Vorpommern",2,15,2021
"Mecklenburg.Vorpommern",1,16,2021
"Mecklenburg.Vorpommern",1,17,2021
"Mecklenburg.Vorpommern",NA,18,2021
"Mecklenburg.Vorpommern",NA,19,2021
"Mecklenburg.Vorpommern",2,20,2021
"Mecklenburg.Vorpommern",NA,21,2021
"Mecklenburg.Vorpommern",1,22,2021
"Mecklenburg.Vorpommern",NA,23,2021
"Mecklenburg.Vorpommern",1,24,2021
"Mecklenburg.Vorpommern",1,25,2021
"Mecklenburg.Vorpommern",1,26,2021
"Mecklenburg.Vorpommern",1,27,2021
"Mecklenburg.Vorpommern",1,28,2021
"Mecklenburg.Vorpommern",NA,29,2021
"Mecklenburg.Vorpommern",1,30,2021
"Mecklenburg.Vorpommern",1,31,2021
"Mecklenburg.Vorpommern",1,32,2021
"Mecklenburg.Vorpommern",1,33,2021
"Mecklenburg.Vorpommern",1,34,2021
"Mecklenburg.Vorpommern",1,35,2021
"Mecklenburg.Vorpommern",NA,36,2021
"Mecklenburg.Vorpommern",3,37,2021
"Mecklenburg.Vorpommern",1,38,2021
"Mecklenburg.Vorpommern",NA,39,2021
"Mecklenburg.Vorpommern",2,40,2021
"Mecklenburg.Vorpommern",1,41,2021
"Mecklenburg.Vorpommern",4,42,2021
"Mecklenburg.Vorpommern",NA,43,2021
"Mecklenburg.Vorpommern",3,44,2021
"Mecklenburg.Vorpommern",4,45,2021
"Mecklenburg.Vorpommern",1,46,2021
"Mecklenburg.Vorpommern",4,47,2021
"Mecklenburg.Vorpommern",NA,48,2021
"Mecklenburg.Vorpommern",1,49,2021
"Mecklenburg.Vorpommern",NA,50,2021
"Mecklenburg.Vorpommern",1,51,2021
"Mecklenburg.Vorpommern",3,52,2021
"Niedersachsen",1,1,2021
"Niedersachsen",NA,2,2021
"Niedersachsen",1,3,2021
"Niedersachsen",NA,4,2021
"Niedersachsen",NA,5,2021
"Niedersachsen",NA,6,2021
"Niedersachsen",NA,7,2021
"Niedersachsen",NA,8,2021
"Niedersachsen",NA,9,2021
"Niedersachsen",NA,10,2021
"Niedersachsen",NA,11,2021
"Niedersachsen",NA,12,2021
"Niedersachsen",NA,13,2021
"Niedersachsen",1,14,2021
"Niedersachsen",NA,15,2021
"Niedersachsen",NA,16,2021
"Niedersachsen",1,17,2021
"Niedersachsen",1,18,2021
"Niedersachsen",NA,19,2021
"Niedersachsen",1,20,2021
"Niedersachsen",NA,21,2021
"Niedersachsen",1,22,2021
"Niedersachsen",4,23,2021
"Niedersachsen",2,24,2021
"Niedersachsen",4,25,2021
"Niedersachsen",2,26,2021
"Niedersachsen",1,27,2021
"Niedersachsen",1,28,2021
"Niedersachsen",5,29,2021
"Niedersachsen",1,30,2021
"Niedersachsen",1,31,2021
"Niedersachsen",1,32,2021
"Niedersachsen",1,33,2021
"Niedersachsen",3,34,2021
"Niedersachsen",NA,35,2021
"Niedersachsen",3,36,2021
"Niedersachsen",1,37,2021
"Niedersachsen",4,38,2021
"Niedersachsen",3,39,2021
"Niedersachsen",1,40,2021
"Niedersachsen",4,41,2021
"Niedersachsen",3,42,2021
"Niedersachsen",3,43,2021
"Niedersachsen",3,44,2021
"Niedersachsen",3,45,2021
"Niedersachsen",2,46,2021
"Niedersachsen",5,47,2021
"Niedersachsen",3,48,2021
"Niedersachsen",2,49,2021
"Niedersachsen",8,50,2021
"Niedersachsen",7,51,2021
"Niedersachsen",1,52,2021
"Nordrhein.Westfalen",2,1,2021
"Nordrhein.Westfalen",NA,2,2021
"Nordrhein.Westfalen",2,3,2021
"Nordrhein.Westfalen",3,4,2021
"Nordrhein.Westfalen",NA,5,2021
"Nordrhein.Westfalen",1,6,2021
"Nordrhein.Westfalen",2,7,2021
"Nordrhein.Westfalen",3,8,2021
"Nordrhein.Westfalen",1,9,2021
"Nordrhein.Westfalen",NA,10,2021
"Nordrhein.Westfalen",5,11,2021
"Nordrhein.Westfalen",3,12,2021
"Nordrhein.Westfalen",3,13,2021
"Nordrhein.Westfalen",NA,14,2021
"Nordrhein.Westfalen",3,15,2021
"Nordrhein.Westfalen",3,16,2021
"Nordrhein.Westfalen",2,17,2021
"Nordrhein.Westfalen",5,18,2021
"Nordrhein.Westfalen",2,19,2021
"Nordrhein.Westfalen",2,20,2021
"Nordrhein.Westfalen",1,21,2021
"Nordrhein.Westfalen",2,22,2021
"Nordrhein.Westfalen",2,23,2021
"Nordrhein.Westfalen",2,24,2021
"Nordrhein.Westfalen",1,25,2021
"Nordrhein.Westfalen",2,26,2021
"Nordrhein.Westfalen",4,27,2021
"Nordrhein.Westfalen",3,28,2021
"Nordrhein.Westfalen",5,29,2021
"Nordrhein.Westfalen",3,30,2021
"Nordrhein.Westfalen",2,31,2021
"Nordrhein.Westfalen",3,32,2021
"Nordrhein.Westfalen",4,33,2021
"Nordrhein.Westfalen",3,34,2021
"Nordrhein.Westfalen",2,35,2021
"Nordrhein.Westfalen",2,36,2021
"Nordrhein.Westfalen",15,37,2021
"Nordrhein.Westfalen",6,38,2021
"Nordrhein.Westfalen",8,39,2021
"Nordrhein.Westfalen",4,40,2021
"Nordrhein.Westfalen",14,41,2021
"Nordrhein.Westfalen",11,42,2021
"Nordrhein.Westfalen",11,43,2021
"Nordrhein.Westfalen",22,44,2021
"Nordrhein.Westfalen",17,45,2021
"Nordrhein.Westfalen",15,46,2021
"Nordrhein.Westfalen",14,47,2021
"Nordrhein.Westfalen",13,48,2021
"Nordrhein.Westfalen",20,49,2021
"Nordrhein.Westfalen",15,50,2021
"Nordrhein.Westfalen",13,51,2021
"Nordrhein.Westfalen",13,52,2021
"Rheinland.Pfalz",NA,1,2021
"Rheinland.Pfalz",NA,2,2021
"Rheinland.Pfalz",1,3,2021
"Rheinland.Pfalz",NA,4,2021
"Rheinland.Pfalz",NA,5,2021
"Rheinland.Pfalz",NA,6,2021
"Rheinland.Pfalz",NA,7,2021
"Rheinland.Pfalz",1,8,2021
"Rheinland.Pfalz",NA,9,2021
"Rheinland.Pfalz",1,10,2021
"Rheinland.Pfalz",1,11,2021
"Rheinland.Pfalz",1,12,2021
"Rheinland.Pfalz",NA,13,2021
"Rheinland.Pfalz",NA,14,2021
"Rheinland.Pfalz",1,15,2021
"Rheinland.Pfalz",NA,16,2021
"Rheinland.Pfalz",1,17,2021
"Rheinland.Pfalz",NA,18,2021
"Rheinland.Pfalz",NA,19,2021
"Rheinland.Pfalz",2,20,2021
"Rheinland.Pfalz",2,21,2021
"Rheinland.Pfalz",3,22,2021
"Rheinland.Pfalz",1,23,2021
"Rheinland.Pfalz",1,24,2021
"Rheinland.Pfalz",2,25,2021
"Rheinland.Pfalz",NA,26,2021
"Rheinland.Pfalz",NA,27,2021
"Rheinland.Pfalz",2,28,2021
"Rheinland.Pfalz",2,29,2021
"Rheinland.Pfalz",3,30,2021
"Rheinland.Pfalz",NA,31,2021
"Rheinland.Pfalz",1,32,2021
"Rheinland.Pfalz",1,33,2021
"Rheinland.Pfalz",NA,34,2021
"Rheinland.Pfalz",NA,35,2021
"Rheinland.Pfalz",1,36,2021
"Rheinland.Pfalz",NA,37,2021
"Rheinland.Pfalz",1,38,2021
"Rheinland.Pfalz",1,39,2021
"Rheinland.Pfalz",1,40,2021
"Rheinland.Pfalz",1,41,2021
"Rheinland.Pfalz",NA,42,2021
"Rheinland.Pfalz",2,43,2021
"Rheinland.Pfalz",4,44,2021
"Rheinland.Pfalz",3,45,2021
"Rheinland.Pfalz",1,46,2021
"Rheinland.Pfalz",3,47,2021
"Rheinland.Pfalz",2,48,2021
"Rheinland.Pfalz",3,49,2021
"Rheinland.Pfalz",3,50,2021
"Rheinland.Pfalz",4,51,2021
"Rheinland.Pfalz",7,52,2021
"Sachsen",4,1,2021
"Sachsen",3,2,2021
"Sachsen",NA,3,2021
"Sachsen",2,4,2021
"Sachsen",NA,5,2021
"Sachsen",2,6,2021
"Sachsen",2,7,2021
"Sachsen",1,8,2021
"Sachsen",1,9,2021
"Sachsen",3,10,2021
"Sachsen",1,11,2021
"Sachsen",1,12,2021
"Sachsen",1,13,2021
"Sachsen",2,14,2021
"Sachsen",7,15,2021
"Sachsen",2,16,2021
"Sachsen",NA,17,2021
"Sachsen",3,18,2021
"Sachsen",2,19,2021
"Sachsen",1,20,2021
"Sachsen",NA,21,2021
"Sachsen",2,22,2021
"Sachsen",6,23,2021
"Sachsen",NA,24,2021
"Sachsen",2,25,2021
"Sachsen",4,26,2021
"Sachsen",3,27,2021
"Sachsen",3,28,2021
"Sachsen",NA,29,2021
"Sachsen",3,30,2021
"Sachsen",3,31,2021
"Sachsen",3,32,2021
"Sachsen",2,33,2021
"Sachsen",3,34,2021
"Sachsen",4,35,2021
"Sachsen",3,36,2021
"Sachsen",NA,37,2021
"Sachsen",4,38,2021
"Sachsen",4,39,2021
"Sachsen",2,40,2021
"Sachsen",8,41,2021
"Sachsen",7,42,2021
"Sachsen",1,43,2021
"Sachsen",6,44,2021
"Sachsen",5,45,2021
"Sachsen",5,46,2021
"Sachsen",13,47,2021
"Sachsen",15,48,2021
"Sachsen",6,49,2021
"Sachsen",3,50,2021
"Sachsen",7,51,2021
"Sachsen",6,52,2021
"Sachsen.Anhalt",1,1,2021
"Sachsen.Anhalt",NA,2,2021
"Sachsen.Anhalt",1,3,2021
"Sachsen.Anhalt",NA,4,2021
"Sachsen.Anhalt",1,5,2021
"Sachsen.Anhalt",1,6,2021
"Sachsen.Anhalt",2,7,2021
"Sachsen.Anhalt",3,8,2021
"Sachsen.Anhalt",NA,9,2021
"Sachsen.Anhalt",NA,10,2021
"Sachsen.Anhalt",NA,11,2021
"Sachsen.Anhalt",2,12,2021
"Sachsen.Anhalt",1,13,2021
"Sachsen.Anhalt",1,14,2021
"Sachsen.Anhalt",1,15,2021
"Sachsen.Anhalt",NA,16,2021
"Sachsen.Anhalt",3,17,2021
"Sachsen.Anhalt",1,18,2021
"Sachsen.Anhalt",NA,19,2021
"Sachsen.Anhalt",1,20,2021
"Sachsen.Anhalt",1,21,2021
"Sachsen.Anhalt",1,22,2021
"Sachsen.Anhalt",1,23,2021
"Sachsen.Anhalt",1,24,2021
"Sachsen.Anhalt",NA,25,2021
"Sachsen.Anhalt",1,26,2021
"Sachsen.Anhalt",NA,27,2021
"Sachsen.Anhalt",1,28,2021
"Sachsen.Anhalt",1,29,2021
"Sachsen.Anhalt",NA,30,2021
"Sachsen.Anhalt",3,31,2021
"Sachsen.Anhalt",2,32,2021
"Sachsen.Anhalt",1,33,2021
"Sachsen.Anhalt",NA,34,2021
"Sachsen.Anhalt",1,35,2021
"Sachsen.Anhalt",2,36,2021
"Sachsen.Anhalt",NA,37,2021
"Sachsen.Anhalt",2,38,2021
"Sachsen.Anhalt",4,39,2021
"Sachsen.Anhalt",2,40,2021
"Sachsen.Anhalt",2,41,2021
"Sachsen.Anhalt",3,42,2021
"Sachsen.Anhalt",1,43,2021
"Sachsen.Anhalt",2,44,2021
"Sachsen.Anhalt",2,45,2021
"Sachsen.Anhalt",1,46,2021
"Sachsen.Anhalt",1,47,2021
"Sachsen.Anhalt",1,48,2021
"Sachsen.Anhalt",2,49,2021
"Sachsen.Anhalt",2,50,2021
"Sachsen.Anhalt",NA,51,2021
"Sachsen.Anhalt",3,52,2021
"Schleswig.Holstein",NA,1,2021
"Schleswig.Holstein",NA,2,2021
"Schleswig.Holstein",NA,3,2021
"Schleswig.Holstein",NA,4,2021
"Schleswig.Holstein",NA,5,2021
"Schleswig.Holstein",NA,6,2021
"Schleswig.Holstein",1,7,2021
"Schleswig.Holstein",1,8,2021
"Schleswig.Holstein",NA,9,2021
"Schleswig.Holstein",NA,10,2021
"Schleswig.Holstein",NA,11,2021
"Schleswig.Holstein",NA,12,2021
"Schleswig.Holstein",NA,13,2021
"Schleswig.Holstein",NA,14,2021
"Schleswig.Holstein",NA,15,2021
"Schleswig.Holstein",NA,16,2021
"Schleswig.Holstein",NA,17,2021
"Schleswig.Holstein",1,18,2021
"Schleswig.Holstein",1,19,2021
"Schleswig.Holstein",NA,20,2021
"Schleswig.Holstein",2,21,2021
"Schleswig.Holstein",NA,22,2021
"Schleswig.Holstein",2,23,2021
"Schleswig.Holstein",NA,24,2021
"Schleswig.Holstein",1,25,2021
"Schleswig.Holstein",1,26,2021
"Schleswig.Holstein",NA,27,2021
"Schleswig.Holstein",NA,28,2021
"Schleswig.Holstein",1,29,2021
"Schleswig.Holstein",NA,30,2021
"Schleswig.Holstein",1,31,2021
"Schleswig.Holstein",NA,32,2021
"Schleswig.Holstein",NA,33,2021
"Schleswig.Holstein",NA,34,2021
"Schleswig.Holstein",1,35,2021
"Schleswig.Holstein",NA,36,2021
"Schleswig.Holstein",1,37,2021
"Schleswig.Holstein",NA,38,2021
"Schleswig.Holstein",NA,39,2021
"Schleswig.Holstein",1,40,2021
"Schleswig.Holstein",2,41,2021
"Schleswig.Holstein",1,42,2021
"Schleswig.Holstein",3,43,2021
"Schleswig.Holstein",NA,44,2021
"Schleswig.Holstein",4,45,2021
"Schleswig.Holstein",4,46,2021
"Schleswig.Holstein",1,47,2021
"Schleswig.Holstein",NA,48,2021
"Schleswig.Holstein",1,49,2021
"Schleswig.Holstein",2,50,2021
"Schleswig.Holstein",2,51,2021
"Schleswig.Holstein",NA,52,2021
"ThÃ.ringen",1,1,2021
"ThÃ.ringen",NA,2,2021
"ThÃ.ringen",NA,3,2021
"ThÃ.ringen",NA,4,2021
"ThÃ.ringen",NA,5,2021
"ThÃ.ringen",NA,6,2021
"ThÃ.ringen",NA,7,2021
"ThÃ.ringen",NA,8,2021
"ThÃ.ringen",NA,9,2021
"ThÃ.ringen",NA,10,2021
"ThÃ.ringen",NA,11,2021
"ThÃ.ringen",NA,12,2021
"ThÃ.ringen",NA,13,2021
"ThÃ.ringen",NA,14,2021
"ThÃ.ringen",1,15,2021
"ThÃ.ringen",NA,16,2021
"ThÃ.ringen",NA,17,2021
"ThÃ.ringen",NA,18,2021
"ThÃ.ringen",NA,19,2021
"ThÃ.ringen",NA,20,2021
"ThÃ.ringen",NA,21,2021
"ThÃ.ringen",NA,22,2021
"ThÃ.ringen",NA,23,2021
"ThÃ.ringen",NA,24,2021
"ThÃ.ringen",NA,25,2021
"ThÃ.ringen",NA,26,2021
"ThÃ.ringen",NA,27,2021
"ThÃ.ringen",NA,28,2021
"ThÃ.ringen",NA,29,2021
"ThÃ.ringen",NA,30,2021
"ThÃ.ringen",NA,31,2021
"ThÃ.ringen",NA,32,2021
"ThÃ.ringen",NA,33,2021
"ThÃ.ringen",NA,34,2021
"ThÃ.ringen",1,35,2021
"ThÃ.ringen",1,36,2021
"ThÃ.ringen",NA,37,2021
"ThÃ.ringen",1,38,2021
"ThÃ.ringen",NA,39,2021
"ThÃ.ringen",NA,40,2021
"ThÃ.ringen",1,41,2021
"ThÃ.ringen",NA,42,2021
"ThÃ.ringen",1,43,2021
"ThÃ.ringen",NA,44,2021
"ThÃ.ringen",2,45,2021
"ThÃ.ringen",NA,46,2021
"ThÃ.ringen",NA,47,2021
"ThÃ.ringen",NA,48,2021
"ThÃ.ringen",NA,49,2021
"ThÃ.ringen",NA,50,2021
"ThÃ.ringen",2,51,2021
"ThÃ.ringen",NA,52,2021
"Baden.WÃ.rttemberg",NA,1,2020
"Baden.WÃ.rttemberg",NA,2,2020
"Baden.WÃ.rttemberg",NA,3,2020
"Baden.WÃ.rttemberg",NA,4,2020
"Baden.WÃ.rttemberg",NA,5,2020
"Baden.WÃ.rttemberg",NA,6,2020
"Baden.WÃ.rttemberg",NA,7,2020
"Baden.WÃ.rttemberg",NA,8,2020
"Baden.WÃ.rttemberg",NA,9,2020
"Baden.WÃ.rttemberg",NA,10,2020
"Baden.WÃ.rttemberg",NA,11,2020
"Baden.WÃ.rttemberg",NA,12,2020
"Baden.WÃ.rttemberg",NA,13,2020
"Baden.WÃ.rttemberg",NA,14,2020
"Baden.WÃ.rttemberg",NA,15,2020
"Baden.WÃ.rttemberg",NA,16,2020
"Baden.WÃ.rttemberg",NA,17,2020
"Baden.WÃ.rttemberg",NA,18,2020
"Baden.WÃ.rttemberg",NA,19,2020
"Baden.WÃ.rttemberg",NA,20,2020
"Baden.WÃ.rttemberg",NA,21,2020
"Baden.WÃ.rttemberg",NA,22,2020
"Baden.WÃ.rttemberg",NA,24,2020
"Baden.WÃ.rttemberg",NA,25,2020
"Baden.WÃ.rttemberg",NA,26,2020
"Baden.WÃ.rttemberg",NA,27,2020
"Baden.WÃ.rttemberg",NA,28,2020
"Baden.WÃ.rttemberg",NA,29,2020
"Baden.WÃ.rttemberg",NA,30,2020
"Baden.WÃ.rttemberg",NA,31,2020
"Baden.WÃ.rttemberg",NA,32,2020
"Baden.WÃ.rttemberg",NA,33,2020
"Baden.WÃ.rttemberg",NA,34,2020
"Baden.WÃ.rttemberg",NA,35,2020
"Baden.WÃ.rttemberg",NA,36,2020
"Baden.WÃ.rttemberg",NA,37,2020
"Baden.WÃ.rttemberg",1,38,2020
"Baden.WÃ.rttemberg",NA,39,2020
"Baden.WÃ.rttemberg",NA,40,2020
"Baden.WÃ.rttemberg",NA,41,2020
"Baden.WÃ.rttemberg",NA,42,2020
"Baden.WÃ.rttemberg",NA,43,2020
"Baden.WÃ.rttemberg",NA,44,2020
"Baden.WÃ.rttemberg",NA,45,2020
"Baden.WÃ.rttemberg",1,46,2020
"Baden.WÃ.rttemberg",NA,47,2020
"Baden.WÃ.rttemberg",1,48,2020
"Baden.WÃ.rttemberg",NA,49,2020
"Baden.WÃ.rttemberg",1,50,2020
"Baden.WÃ.rttemberg",2,51,2020
"Baden.WÃ.rttemberg",NA,52,2020
"Baden.WÃ.rttemberg",1,53,2020
"Bayern",NA,1,2020
"Bayern",NA,2,2020
"Bayern",NA,3,2020
"Bayern",NA,4,2020
"Bayern",NA,5,2020
"Bayern",NA,6,2020
"Bayern",NA,7,2020
"Bayern",NA,8,2020
"Bayern",NA,9,2020
"Bayern",NA,10,2020
"Bayern",NA,11,2020
"Bayern",NA,12,2020
"Bayern",NA,13,2020
"Bayern",NA,14,2020
"Bayern",NA,15,2020
"Bayern",NA,16,2020
"Bayern",NA,17,2020
"Bayern",NA,18,2020
"Bayern",NA,19,2020
"Bayern",NA,20,2020
"Bayern",NA,21,2020
"Bayern",NA,22,2020
"Bayern",NA,24,2020
"Bayern",NA,25,2020
"Bayern",NA,26,2020
"Bayern",NA,27,2020
"Bayern",NA,28,2020
"Bayern",NA,29,2020
"Bayern",NA,30,2020
"Bayern",NA,31,2020
"Bayern",NA,32,2020
"Bayern",NA,33,2020
"Bayern",NA,34,2020
"Bayern",NA,35,2020
"Bayern",NA,36,2020
"Bayern",NA,37,2020
"Bayern",NA,38,2020
"Bayern",NA,39,2020
"Bayern",NA,40,2020
"Bayern",1,41,2020
"Bayern",1,42,2020
"Bayern",NA,43,2020
"Bayern",1,44,2020
"Bayern",1,45,2020
"Bayern",NA,46,2020
"Bayern",NA,47,2020
"Bayern",2,48,2020
"Bayern",2,49,2020
"Bayern",NA,50,2020
"Bayern",1,51,2020
"Bayern",NA,52,2020
"Bayern",NA,53,2020
"Berlin",NA,1,2020
"Berlin",NA,2,2020
"Berlin",NA,3,2020
"Berlin",NA,4,2020
"Berlin",NA,5,2020
"Berlin",NA,6,2020
"Berlin",NA,7,2020
"Berlin",NA,8,2020
"Berlin",NA,9,2020
"Berlin",NA,10,2020
"Berlin",NA,11,2020
"Berlin",NA,12,2020
"Berlin",NA,13,2020
"Berlin",NA,14,2020
"Berlin",NA,15,2020
"Berlin",NA,16,2020
"Berlin",NA,17,2020
"Berlin",NA,18,2020
"Berlin",NA,19,2020
"Berlin",NA,20,2020
"Berlin",NA,21,2020
"Berlin",NA,22,2020
"Berlin",NA,24,2020
"Berlin",NA,25,2020
"Berlin",NA,26,2020
"Berlin",NA,27,2020
"Berlin",NA,28,2020
"Berlin",NA,29,2020
"Berlin",NA,30,2020
"Berlin",NA,31,2020
"Berlin",NA,32,2020
"Berlin",NA,33,2020
"Berlin",NA,34,2020
"Berlin",NA,35,2020
"Berlin",NA,36,2020
"Berlin",NA,37,2020
"Berlin",NA,38,2020
"Berlin",NA,39,2020
"Berlin",NA,40,2020
"Berlin",NA,41,2020
"Berlin",NA,42,2020
"Berlin",NA,43,2020
"Berlin",2,44,2020
"Berlin",NA,45,2020
"Berlin",NA,46,2020
"Berlin",1,47,2020
"Berlin",NA,48,2020
"Berlin",1,49,2020
"Berlin",NA,50,2020
"Berlin",1,51,2020
"Berlin",NA,52,2020
"Berlin",NA,53,2020
"Brandenburg",8,1,2020
"Brandenburg",8,2,2020
"Brandenburg",1,3,2020
"Brandenburg",2,4,2020
"Brandenburg",3,5,2020
"Brandenburg",5,6,2020
"Brandenburg",6,7,2020
"Brandenburg",4,8,2020
"Brandenburg",6,9,2020
"Brandenburg",3,10,2020
"Brandenburg",2,11,2020
"Brandenburg",4,12,2020
"Brandenburg",3,13,2020
"Brandenburg",1,14,2020
"Brandenburg",3,15,2020
"Brandenburg",1,16,2020
"Brandenburg",1,17,2020
"Brandenburg",2,18,2020
"Brandenburg",1,19,2020
"Brandenburg",1,20,2020
"Brandenburg",1,21,2020
"Brandenburg",NA,22,2020
"Brandenburg",2,24,2020
"Brandenburg",NA,25,2020
"Brandenburg",1,26,2020
"Brandenburg",2,27,2020
"Brandenburg",1,28,2020
"Brandenburg",2,29,2020
"Brandenburg",4,30,2020
"Brandenburg",3,31,2020
"Brandenburg",1,32,2020
"Brandenburg",NA,33,2020
"Brandenburg",2,34,2020
"Brandenburg",NA,35,2020
"Brandenburg",1,36,2020
"Brandenburg",NA,37,2020
"Brandenburg",2,38,2020
"Brandenburg",1,39,2020
"Brandenburg",NA,40,2020
"Brandenburg",2,41,2020
"Brandenburg",2,42,2020
"Brandenburg",NA,43,2020
"Brandenburg",1,44,2020
"Brandenburg",1,45,2020
"Brandenburg",1,46,2020
"Brandenburg",1,47,2020
"Brandenburg",1,48,2020
"Brandenburg",NA,49,2020
"Brandenburg",3,50,2020
"Brandenburg",4,51,2020
"Brandenburg",1,52,2020
"Brandenburg",1,53,2020
"Bremen",NA,1,2020
"Bremen",NA,2,2020
"Bremen",NA,3,2020
"Bremen",NA,4,2020
"Bremen",NA,5,2020
"Bremen",NA,6,2020
"Bremen",NA,7,2020
"Bremen",NA,8,2020
"Bremen",NA,9,2020
"Bremen",NA,10,2020
"Bremen",NA,11,2020
"Bremen",NA,12,2020
"Bremen",NA,13,2020
"Bremen",NA,14,2020
"Bremen",NA,15,2020
"Bremen",NA,16,2020
"Bremen",NA,17,2020
"Bremen",NA,18,2020
"Bremen",NA,19,2020
"Bremen",NA,20,2020
"Bremen",NA,21,2020
"Bremen",NA,22,2020
"Bremen",NA,24,2020
"Bremen",NA,25,2020
"Bremen",NA,26,2020
"Bremen",NA,27,2020
"Bremen",NA,28,2020
"Bremen",NA,29,2020
"Bremen",NA,30,2020
"Bremen",NA,31,2020
"Bremen",NA,32,2020
"Bremen",NA,33,2020
"Bremen",NA,34,2020
"Bremen",NA,35,2020
"Bremen",NA,36,2020
"Bremen",NA,37,2020
"Bremen",NA,38,2020
"Bremen",NA,39,2020
"Bremen",NA,40,2020
"Bremen",1,41,2020
"Bremen",1,42,2020
"Bremen",NA,43,2020
"Bremen",NA,44,2020
"Bremen",NA,45,2020
"Bremen",NA,46,2020
"Bremen",NA,47,2020
"Bremen",NA,48,2020
"Bremen",1,49,2020
"Bremen",NA,50,2020
"Bremen",NA,51,2020
"Bremen",NA,52,2020
"Bremen",NA,53,2020
"Mecklenburg.Vorpommern",4,1,2020
"Mecklenburg.Vorpommern",NA,2,2020
"Mecklenburg.Vorpommern",2,3,2020
"Mecklenburg.Vorpommern",3,4,2020
"Mecklenburg.Vorpommern",3,5,2020
"Mecklenburg.Vorpommern",6,6,2020
"Mecklenburg.Vorpommern",2,7,2020
"Mecklenburg.Vorpommern",2,8,2020
"Mecklenburg.Vorpommern",4,9,2020
"Mecklenburg.Vorpommern",4,10,2020
"Mecklenburg.Vorpommern",5,11,2020
"Mecklenburg.Vorpommern",2,12,2020
"Mecklenburg.Vorpommern",2,13,2020
"Mecklenburg.Vorpommern",3,14,2020
"Mecklenburg.Vorpommern",4,15,2020
"Mecklenburg.Vorpommern",1,16,2020
"Mecklenburg.Vorpommern",NA,17,2020
"Mecklenburg.Vorpommern",2,18,2020
"Mecklenburg.Vorpommern",NA,19,2020
"Mecklenburg.Vorpommern",1,20,2020
"Mecklenburg.Vorpommern",1,21,2020
"Mecklenburg.Vorpommern",NA,22,2020
"Mecklenburg.Vorpommern",2,24,2020
"Mecklenburg.Vorpommern",NA,25,2020
"Mecklenburg.Vorpommern",1,26,2020
"Mecklenburg.Vorpommern",NA,27,2020
"Mecklenburg.Vorpommern",NA,28,2020
"Mecklenburg.Vorpommern",NA,29,2020
"Mecklenburg.Vorpommern",NA,30,2020
"Mecklenburg.Vorpommern",1,31,2020
"Mecklenburg.Vorpommern",NA,32,2020
"Mecklenburg.Vorpommern",3,33,2020
"Mecklenburg.Vorpommern",3,34,2020
"Mecklenburg.Vorpommern",1,35,2020
"Mecklenburg.Vorpommern",2,36,2020
"Mecklenburg.Vorpommern",2,37,2020
"Mecklenburg.Vorpommern",1,38,2020
"Mecklenburg.Vorpommern",1,39,2020
"Mecklenburg.Vorpommern",1,40,2020
"Mecklenburg.Vorpommern",NA,41,2020
"Mecklenburg.Vorpommern",NA,42,2020
"Mecklenburg.Vorpommern",NA,43,2020
"Mecklenburg.Vorpommern",4,44,2020
"Mecklenburg.Vorpommern",1,45,2020
"Mecklenburg.Vorpommern",NA,46,2020
"Mecklenburg.Vorpommern",NA,47,2020
"Mecklenburg.Vorpommern",NA,48,2020
"Mecklenburg.Vorpommern",1,49,2020
"Mecklenburg.Vorpommern",2,50,2020
"Mecklenburg.Vorpommern",1,51,2020
"Mecklenburg.Vorpommern",NA,52,2020
"Mecklenburg.Vorpommern",NA,53,2020
"Niedersachsen",NA,1,2020
"Niedersachsen",NA,2,2020
"Niedersachsen",NA,3,2020
"Niedersachsen",NA,4,2020
"Niedersachsen",NA,5,2020
"Niedersachsen",NA,6,2020
"Niedersachsen",NA,7,2020
"Niedersachsen",NA,8,2020
"Niedersachsen",NA,9,2020
"Niedersachsen",NA,10,2020
"Niedersachsen",NA,11,2020
"Niedersachsen",NA,12,2020
"Niedersachsen",NA,13,2020
"Niedersachsen",NA,14,2020
"Niedersachsen",NA,15,2020
"Niedersachsen",NA,16,2020
"Niedersachsen",NA,17,2020
"Niedersachsen",NA,18,2020
"Niedersachsen",NA,19,2020
"Niedersachsen",NA,20,2020
"Niedersachsen",NA,21,2020
"Niedersachsen",NA,22,2020
"Niedersachsen",NA,24,2020
"Niedersachsen",NA,25,2020
"Niedersachsen",NA,26,2020
"Niedersachsen",NA,27,2020
"Niedersachsen",NA,28,2020
"Niedersachsen",NA,29,2020
"Niedersachsen",NA,30,2020
"Niedersachsen",NA,31,2020
"Niedersachsen",NA,32,2020
"Niedersachsen",NA,33,2020
"Niedersachsen",NA,34,2020
"Niedersachsen",NA,35,2020
"Niedersachsen",NA,36,2020
"Niedersachsen",NA,37,2020
"Niedersachsen",NA,38,2020
"Niedersachsen",NA,39,2020
"Niedersachsen",NA,40,2020
"Niedersachsen",NA,41,2020
"Niedersachsen",NA,42,2020
"Niedersachsen",NA,43,2020
"Niedersachsen",1,44,2020
"Niedersachsen",NA,45,2020
"Niedersachsen",NA,46,2020
"Niedersachsen",NA,47,2020
"Niedersachsen",NA,48,2020
"Niedersachsen",2,49,2020
"Niedersachsen",NA,50,2020
"Niedersachsen",2,51,2020
"Niedersachsen",NA,52,2020
"Niedersachsen",NA,53,2020
"Nordrhein.Westfalen",NA,1,2020
"Nordrhein.Westfalen",NA,2,2020
"Nordrhein.Westfalen",NA,3,2020
"Nordrhein.Westfalen",NA,4,2020
"Nordrhein.Westfalen",NA,5,2020
"Nordrhein.Westfalen",NA,6,2020
"Nordrhein.Westfalen",NA,7,2020
"Nordrhein.Westfalen",NA,8,2020
"Nordrhein.Westfalen",NA,9,2020
"Nordrhein.Westfalen",NA,10,2020
"Nordrhein.Westfalen",NA,11,2020
"Nordrhein.Westfalen",NA,12,2020
"Nordrhein.Westfalen",NA,13,2020
"Nordrhein.Westfalen",NA,14,2020
"Nordrhein.Westfalen",NA,15,2020
"Nordrhein.Westfalen",NA,16,2020
"Nordrhein.Westfalen",NA,17,2020
"Nordrhein.Westfalen",NA,18,2020
"Nordrhein.Westfalen",NA,19,2020
"Nordrhein.Westfalen",NA,20,2020
"Nordrhein.Westfalen",NA,21,2020
"Nordrhein.Westfalen",NA,22,2020
"Nordrhein.Westfalen",NA,24,2020
"Nordrhein.Westfalen",NA,25,2020
"Nordrhein.Westfalen",NA,26,2020
"Nordrhein.Westfalen",NA,27,2020
"Nordrhein.Westfalen",NA,28,2020
"Nordrhein.Westfalen",NA,29,2020
"Nordrhein.Westfalen",NA,30,2020
"Nordrhein.Westfalen",NA,31,2020
"Nordrhein.Westfalen",NA,32,2020
"Nordrhein.Westfalen",NA,33,2020
"Nordrhein.Westfalen",NA,34,2020
"Nordrhein.Westfalen",NA,35,2020
"Nordrhein.Westfalen",NA,36,2020
"Nordrhein.Westfalen",NA,37,2020
"Nordrhein.Westfalen",NA,38,2020
"Nordrhein.Westfalen",NA,39,2020
"Nordrhein.Westfalen",NA,40,2020
"Nordrhein.Westfalen",3,41,2020
"Nordrhein.Westfalen",NA,42,2020
"Nordrhein.Westfalen",1,43,2020
"Nordrhein.Westfalen",NA,44,2020
"Nordrhein.Westfalen",NA,45,2020
"Nordrhein.Westfalen",NA,46,2020
"Nordrhein.Westfalen",NA,47,2020
"Nordrhein.Westfalen",NA,48,2020
"Nordrhein.Westfalen",3,49,2020
"Nordrhein.Westfalen",3,50,2020
"Nordrhein.Westfalen",1,51,2020
"Nordrhein.Westfalen",1,52,2020
"Nordrhein.Westfalen",2,53,2020
"Rheinland.Pfalz",NA,1,2020
"Rheinland.Pfalz",NA,2,2020
"Rheinland.Pfalz",NA,3,2020
"Rheinland.Pfalz",NA,4,2020
"Rheinland.Pfalz",NA,5,2020
"Rheinland.Pfalz",NA,6,2020
"Rheinland.Pfalz",NA,7,2020
"Rheinland.Pfalz",NA,8,2020
"Rheinland.Pfalz",NA,9,2020
"Rheinland.Pfalz",NA,10,2020
"Rheinland.Pfalz",NA,11,2020
"Rheinland.Pfalz",NA,12,2020
"Rheinland.Pfalz",NA,13,2020
"Rheinland.Pfalz",NA,14,2020
"Rheinland.Pfalz",NA,15,2020
"Rheinland.Pfalz",NA,16,2020
"Rheinland.Pfalz",NA,17,2020
"Rheinland.Pfalz",NA,18,2020
"Rheinland.Pfalz",NA,19,2020
"Rheinland.Pfalz",NA,20,2020
"Rheinland.Pfalz",NA,21,2020
"Rheinland.Pfalz",NA,22,2020
"Rheinland.Pfalz",NA,24,2020
"Rheinland.Pfalz",NA,25,2020
"Rheinland.Pfalz",NA,26,2020
"Rheinland.Pfalz",NA,27,2020
"Rheinland.Pfalz",NA,28,2020
"Rheinland.Pfalz",NA,29,2020
"Rheinland.Pfalz",NA,30,2020
"Rheinland.Pfalz",NA,31,2020
"Rheinland.Pfalz",NA,32,2020
"Rheinland.Pfalz",NA,33,2020
"Rheinland.Pfalz",NA,34,2020
"Rheinland.Pfalz",NA,35,2020
"Rheinland.Pfalz",NA,36,2020
"Rheinland.Pfalz",NA,37,2020
"Rheinland.Pfalz",NA,38,2020
"Rheinland.Pfalz",NA,39,2020
"Rheinland.Pfalz",NA,40,2020
"Rheinland.Pfalz",NA,41,2020
"Rheinland.Pfalz",NA,42,2020
"Rheinland.Pfalz",3,43,2020
"Rheinland.Pfalz",1,44,2020
"Rheinland.Pfalz",NA,45,2020
"Rheinland.Pfalz",1,46,2020
"Rheinland.Pfalz",2,47,2020
"Rheinland.Pfalz",NA,48,2020
"Rheinland.Pfalz",NA,49,2020
"Rheinland.Pfalz",NA,50,2020
"Rheinland.Pfalz",NA,51,2020
"Rheinland.Pfalz",1,52,2020
"Rheinland.Pfalz",NA,53,2020
"Sachsen",11,1,2020
"Sachsen",18,2,2020
"Sachsen",7,3,2020
"Sachsen",6,4,2020
"Sachsen",8,5,2020
"Sachsen",9,6,2020
"Sachsen",8,7,2020
"Sachsen",9,8,2020
"Sachsen",14,9,2020
"Sachsen",18,10,2020
"Sachsen",11,11,2020
"Sachsen",5,12,2020
"Sachsen",7,13,2020
"Sachsen",6,14,2020
"Sachsen",3,15,2020
"Sachsen",2,16,2020
"Sachsen",5,17,2020
"Sachsen",1,18,2020
"Sachsen",1,19,2020
"Sachsen",1,20,2020
"Sachsen",4,21,2020
"Sachsen",1,22,2020
"Sachsen",NA,24,2020
"Sachsen",1,25,2020
"Sachsen",1,26,2020
"Sachsen",NA,27,2020
"Sachsen",1,28,2020
"Sachsen",3,29,2020
"Sachsen",1,30,2020
"Sachsen",3,31,2020
"Sachsen",4,32,2020
"Sachsen",4,33,2020
"Sachsen",2,34,2020
"Sachsen",NA,35,2020
"Sachsen",NA,36,2020
"Sachsen",2,37,2020
"Sachsen",2,38,2020
"Sachsen",3,39,2020
"Sachsen",2,40,2020
"Sachsen",1,41,2020
"Sachsen",1,42,2020
"Sachsen",2,43,2020
"Sachsen",5,44,2020
"Sachsen",NA,45,2020
"Sachsen",1,46,2020
"Sachsen",2,47,2020
"Sachsen",2,48,2020
"Sachsen",2,49,2020
"Sachsen",2,50,2020
"Sachsen",4,51,2020
"Sachsen",1,52,2020
"Sachsen",4,53,2020
"Sachsen.Anhalt",4,1,2020
"Sachsen.Anhalt",5,2,2020
"Sachsen.Anhalt",7,3,2020
"Sachsen.Anhalt",5,4,2020
"Sachsen.Anhalt",5,5,2020
"Sachsen.Anhalt",3,6,2020
"Sachsen.Anhalt",2,7,2020
"Sachsen.Anhalt",3,8,2020
"Sachsen.Anhalt",3,9,2020
"Sachsen.Anhalt",8,10,2020
"Sachsen.Anhalt",5,11,2020
"Sachsen.Anhalt",6,12,2020
"Sachsen.Anhalt",1,13,2020
"Sachsen.Anhalt",1,14,2020
"Sachsen.Anhalt",2,15,2020
"Sachsen.Anhalt",1,16,2020
"Sachsen.Anhalt",1,17,2020
"Sachsen.Anhalt",2,18,2020
"Sachsen.Anhalt",1,19,2020
"Sachsen.Anhalt",1,20,2020
"Sachsen.Anhalt",3,21,2020
"Sachsen.Anhalt",NA,22,2020
"Sachsen.Anhalt",1,24,2020
"Sachsen.Anhalt",1,25,2020
"Sachsen.Anhalt",NA,26,2020
"Sachsen.Anhalt",NA,27,2020
"Sachsen.Anhalt",2,28,2020
"Sachsen.Anhalt",NA,29,2020
"Sachsen.Anhalt",1,30,2020
"Sachsen.Anhalt",1,31,2020
"Sachsen.Anhalt",2,32,2020
"Sachsen.Anhalt",2,33,2020
"Sachsen.Anhalt",2,34,2020
"Sachsen.Anhalt",1,35,2020
"Sachsen.Anhalt",NA,36,2020
"Sachsen.Anhalt",1,37,2020
"Sachsen.Anhalt",NA,38,2020
"Sachsen.Anhalt",2,39,2020
"Sachsen.Anhalt",2,40,2020
"Sachsen.Anhalt",NA,41,2020
"Sachsen.Anhalt",NA,42,2020
"Sachsen.Anhalt",1,43,2020
"Sachsen.Anhalt",2,44,2020
"Sachsen.Anhalt",1,45,2020
"Sachsen.Anhalt",NA,46,2020
"Sachsen.Anhalt",NA,47,2020
"Sachsen.Anhalt",NA,48,2020
"Sachsen.Anhalt",NA,49,2020
"Sachsen.Anhalt",NA,50,2020
"Sachsen.Anhalt",NA,51,2020
"Sachsen.Anhalt",NA,52,2020
"Sachsen.Anhalt",1,53,2020
"Schleswig.Holstein",NA,1,2020
"Schleswig.Holstein",NA,2,2020
"Schleswig.Holstein",NA,3,2020
"Schleswig.Holstein",NA,4,2020
"Schleswig.Holstein",NA,5,2020
"Schleswig.Holstein",NA,6,2020
"Schleswig.Holstein",NA,7,2020
"Schleswig.Holstein",NA,8,2020
"Schleswig.Holstein",NA,9,2020
"Schleswig.Holstein",NA,10,2020
"Schleswig.Holstein",NA,11,2020
"Schleswig.Holstein",NA,12,2020
"Schleswig.Holstein",NA,13,2020
"Schleswig.Holstein",NA,14,2020
"Schleswig.Holstein",NA,15,2020
"Schleswig.Holstein",NA,16,2020
"Schleswig.Holstein",NA,17,2020
"Schleswig.Holstein",NA,18,2020
"Schleswig.Holstein",NA,19,2020
"Schleswig.Holstein",NA,20,2020
"Schleswig.Holstein",NA,21,2020
"Schleswig.Holstein",NA,22,2020
"Schleswig.Holstein",NA,24,2020
"Schleswig.Holstein",NA,25,2020
"Schleswig.Holstein",NA,26,2020
"Schleswig.Holstein",NA,27,2020
"Schleswig.Holstein",NA,28,2020
"Schleswig.Holstein",NA,29,2020
"Schleswig.Holstein",NA,30,2020
"Schleswig.Holstein",1,31,2020
"Schleswig.Holstein",NA,32,2020
"Schleswig.Holstein",NA,33,2020
"Schleswig.Holstein",NA,34,2020
"Schleswig.Holstein",NA,35,2020
"Schleswig.Holstein",NA,36,2020
"Schleswig.Holstein",NA,37,2020
"Schleswig.Holstein",NA,38,2020
"Schleswig.Holstein",NA,39,2020
"Schleswig.Holstein",2,40,2020
"Schleswig.Holstein",1,41,2020
"Schleswig.Holstein",NA,42,2020
"Schleswig.Holstein",1,43,2020
"Schleswig.Holstein",NA,44,2020
"Schleswig.Holstein",2,45,2020
"Schleswig.Holstein",NA,46,2020
"Schleswig.Holstein",1,47,2020
"Schleswig.Holstein",NA,48,2020
"Schleswig.Holstein",1,49,2020
"Schleswig.Holstein",NA,50,2020
"Schleswig.Holstein",NA,51,2020
"Schleswig.Holstein",NA,52,2020
"Schleswig.Holstein",NA,53,2020
"ThÃ.ringen",NA,1,2020
"ThÃ.ringen",NA,2,2020
"ThÃ.ringen",NA,3,2020
"ThÃ.ringen",NA,4,2020
"ThÃ.ringen",NA,5,2020
"ThÃ.ringen",1,6,2020
"ThÃ.ringen",NA,7,2020
"ThÃ.ringen",NA,8,2020
"ThÃ.ringen",NA,9,2020
"ThÃ.ringen",NA,10,2020
"ThÃ.ringen",NA,11,2020
"ThÃ.ringen",NA,12,2020
"ThÃ.ringen",NA,13,2020
"ThÃ.ringen",NA,14,2020
"ThÃ.ringen",NA,15,2020
"ThÃ.ringen",NA,16,2020
"ThÃ.ringen",NA,17,2020
"ThÃ.ringen",NA,18,2020
"ThÃ.ringen",NA,19,2020
"ThÃ.ringen",NA,20,2020
"ThÃ.ringen",NA,21,2020
"ThÃ.ringen",NA,22,2020
"ThÃ.ringen",NA,24,2020
"ThÃ.ringen",NA,25,2020
"ThÃ.ringen",NA,26,2020
"ThÃ.ringen",NA,27,2020
"ThÃ.ringen",NA,28,2020
"ThÃ.ringen",NA,29,2020
"ThÃ.ringen",NA,30,2020
"ThÃ.ringen",NA,31,2020
"ThÃ.ringen",NA,32,2020
"ThÃ.ringen",1,33,2020
"ThÃ.ringen",NA,34,2020
"ThÃ.ringen",NA,35,2020
"ThÃ.ringen",NA,36,2020
"ThÃ.ringen",NA,37,2020
"ThÃ.ringen",NA,38,2020
"ThÃ.ringen",1,39,2020
"ThÃ.ringen",NA,40,2020
"ThÃ.ringen",NA,41,2020
"ThÃ.ringen",NA,42,2020
"ThÃ.ringen",1,43,2020
"ThÃ.ringen",NA,44,2020
"ThÃ.ringen",NA,45,2020
"ThÃ.ringen",NA,46,2020
"ThÃ.ringen",NA,47,2020
"ThÃ.ringen",NA,48,2020
"ThÃ.ringen",NA,49,2020
"ThÃ.ringen",1,50,2020
"ThÃ.ringen",NA,51,2020
"ThÃ.ringen",NA,52,2020
"ThÃ.ringen",NA,53,2020
