"stratum","value","week","year"
"Baden.WÃ.rttemberg",49,1,2024
"Baden.WÃ.rttemberg",34,2,2024
"Baden.WÃ.rttemberg",26,3,2024
"Baden.WÃ.rttemberg",26,4,2024
"Baden.WÃ.rttemberg",27,5,2024
"Baden.WÃ.rttemberg",47,6,2024
"Baden.WÃ.rttemberg",62,7,2024
"Baden.WÃ.rttemberg",9,8,2024
"Bayern",57,1,2024
"Bayern",54,2,2024
"Bayern",28,3,2024
"Bayern",22,4,2024
"Bayern",31,5,2024
"Bayern",34,6,2024
"Bayern",49,7,2024
"Bayern",11,8,2024
"Berlin",10,1,2024
"Berlin",12,2,2024
"Berlin",11,3,2024
"Berlin",12,4,2024
"Berlin",12,5,2024
"Berlin",8,6,2024
"Berlin",6,7,2024
"Berlin",2,8,2024
"Brandenburg",11,1,2024
"Brandenburg",2,2,2024
"Brandenburg",5,3,2024
"Brandenburg",5,4,2024
"Brandenburg",5,5,2024
"Brandenburg",8,6,2024
"Brandenburg",9,7,2024
"Brandenburg",1,8,2024
"Bremen",4,1,2024
"Bremen",5,2,2024
"Bremen",2,3,2024
"Bremen",1,4,2024
"Bremen",NA,5,2024
"Bremen",2,6,2024
"Bremen",1,7,2024
"Bremen",1,8,2024
"Hamburg",6,1,2024
"Hamburg",8,2,2024
"Hamburg",4,3,2024
"Hamburg",4,4,2024
"Hamburg",3,5,2024
"Hamburg",2,6,2024
"Hamburg",6,7,2024
"Hamburg",1,8,2024
"Hessen",26,1,2024
"Hessen",12,2,2024
"Hessen",8,3,2024
"Hessen",8,4,2024
"Hessen",18,5,2024
"Hessen",11,6,2024
"Hessen",17,7,2024
"Hessen",NA,8,2024
"Mecklenburg.Vorpommern",8,1,2024
"Mecklenburg.Vorpommern",10,2,2024
"Mecklenburg.Vorpommern",2,3,2024
"Mecklenburg.Vorpommern",4,4,2024
"Mecklenburg.Vorpommern",7,5,2024
"Mecklenburg.Vorpommern",5,6,2024
"Mecklenburg.Vorpommern",5,7,2024
"Mecklenburg.Vorpommern",NA,8,2024
"Niedersachsen",25,1,2024
"Niedersachsen",23,2,2024
"Niedersachsen",16,3,2024
"Niedersachsen",15,4,2024
"Niedersachsen",30,5,2024
"Niedersachsen",24,6,2024
"Niedersachsen",33,7,2024
"Niedersachsen",2,8,2024
"Nordrhein.Westfalen",101,1,2024
"Nordrhein.Westfalen",56,2,2024
"Nordrhein.Westfalen",36,3,2024
"Nordrhein.Westfalen",32,4,2024
"Nordrhein.Westfalen",40,5,2024
"Nordrhein.Westfalen",67,6,2024
"Nordrhein.Westfalen",61,7,2024
"Nordrhein.Westfalen",11,8,2024
"Rheinland.Pfalz",16,1,2024
"Rheinland.Pfalz",15,2,2024
"Rheinland.Pfalz",7,3,2024
"Rheinland.Pfalz",5,4,2024
"Rheinland.Pfalz",7,5,2024
"Rheinland.Pfalz",10,6,2024
"Rheinland.Pfalz",13,7,2024
"Rheinland.Pfalz",1,8,2024
"Saarland",2,1,2024
"Saarland",1,2,2024
"Saarland",2,3,2024
"Saarland",2,4,2024
"Saarland",2,5,2024
"Saarland",3,6,2024
"Saarland",2,7,2024
"Saarland",1,8,2024
"Sachsen",21,1,2024
"Sachsen",11,2,2024
"Sachsen",8,3,2024
"Sachsen",2,4,2024
"Sachsen",18,5,2024
"Sachsen",17,6,2024
"Sachsen",13,7,2024
"Sachsen",3,8,2024
"Sachsen.Anhalt",9,1,2024
"Sachsen.Anhalt",8,2,2024
"Sachsen.Anhalt",3,3,2024
"Sachsen.Anhalt",3,4,2024
"Sachsen.Anhalt",1,5,2024
"Sachsen.Anhalt",2,6,2024
"Sachsen.Anhalt",8,7,2024
"Sachsen.Anhalt",NA,8,2024
"Schleswig.Holstein",10,1,2024
"Schleswig.Holstein",9,2,2024
"Schleswig.Holstein",3,3,2024
"Schleswig.Holstein",3,4,2024
"Schleswig.Holstein",5,5,2024
"Schleswig.Holstein",9,6,2024
"Schleswig.Holstein",6,7,2024
"Schleswig.Holstein",2,8,2024
"ThÃ.ringen",3,1,2024
"ThÃ.ringen",3,2,2024
"ThÃ.ringen",1,3,2024
"ThÃ.ringen",2,4,2024
"ThÃ.ringen",3,5,2024
"ThÃ.ringen",7,6,2024
"ThÃ.ringen",8,7,2024
"ThÃ.ringen",2,8,2024
"Baden.WÃ.rttemberg",43,1,2023
"Baden.WÃ.rttemberg",36,2,2023
"Baden.WÃ.rttemberg",26,3,2023
"Baden.WÃ.rttemberg",11,4,2023
"Baden.WÃ.rttemberg",11,5,2023
"Baden.WÃ.rttemberg",23,6,2023
"Baden.WÃ.rttemberg",21,7,2023
"Baden.WÃ.rttemberg",28,8,2023
"Baden.WÃ.rttemberg",21,9,2023
"Baden.WÃ.rttemberg",21,10,2023
"Baden.WÃ.rttemberg",22,11,2023
"Baden.WÃ.rttemberg",34,12,2023
"Baden.WÃ.rttemberg",22,13,2023
"Baden.WÃ.rttemberg",16,14,2023
"Baden.WÃ.rttemberg",20,15,2023
"Baden.WÃ.rttemberg",22,16,2023
"Baden.WÃ.rttemberg",13,17,2023
"Baden.WÃ.rttemberg",14,18,2023
"Baden.WÃ.rttemberg",18,19,2023
"Baden.WÃ.rttemberg",19,20,2023
"Baden.WÃ.rttemberg",15,21,2023
"Baden.WÃ.rttemberg",20,22,2023
"Baden.WÃ.rttemberg",18,23,2023
"Baden.WÃ.rttemberg",13,24,2023
"Baden.WÃ.rttemberg",11,25,2023
"Baden.WÃ.rttemberg",6,26,2023
"Baden.WÃ.rttemberg",6,27,2023
"Baden.WÃ.rttemberg",8,28,2023
"Baden.WÃ.rttemberg",4,29,2023
"Baden.WÃ.rttemberg",12,30,2023
"Baden.WÃ.rttemberg",9,31,2023
"Baden.WÃ.rttemberg",5,32,2023
"Baden.WÃ.rttemberg",7,33,2023
"Baden.WÃ.rttemberg",7,34,2023
"Baden.WÃ.rttemberg",9,35,2023
"Baden.WÃ.rttemberg",14,36,2023
"Baden.WÃ.rttemberg",3,37,2023
"Baden.WÃ.rttemberg",6,38,2023
"Baden.WÃ.rttemberg",11,39,2023
"Baden.WÃ.rttemberg",9,40,2023
"Baden.WÃ.rttemberg",21,41,2023
"Baden.WÃ.rttemberg",19,42,2023
"Baden.WÃ.rttemberg",30,43,2023
"Baden.WÃ.rttemberg",21,44,2023
"Baden.WÃ.rttemberg",17,45,2023
"Baden.WÃ.rttemberg",16,46,2023
"Baden.WÃ.rttemberg",18,47,2023
"Baden.WÃ.rttemberg",21,48,2023
"Baden.WÃ.rttemberg",25,49,2023
"Baden.WÃ.rttemberg",16,50,2023
"Baden.WÃ.rttemberg",26,51,2023
"Baden.WÃ.rttemberg",30,52,2023
"Bayern",58,1,2023
"Bayern",52,2,2023
"Bayern",18,3,2023
"Bayern",16,4,2023
"Bayern",23,5,2023
"Bayern",29,6,2023
"Bayern",35,7,2023
"Bayern",30,8,2023
"Bayern",28,9,2023
"Bayern",32,10,2023
"Bayern",33,11,2023
"Bayern",32,12,2023
"Bayern",27,13,2023
"Bayern",26,14,2023
"Bayern",37,15,2023
"Bayern",40,16,2023
"Bayern",22,17,2023
"Bayern",14,18,2023
"Bayern",23,19,2023
"Bayern",26,20,2023
"Bayern",23,21,2023
"Bayern",20,22,2023
"Bayern",21,23,2023
"Bayern",21,24,2023
"Bayern",15,25,2023
"Bayern",8,26,2023
"Bayern",4,27,2023
"Bayern",11,28,2023
"Bayern",9,29,2023
"Bayern",9,30,2023
"Bayern",17,31,2023
"Bayern",14,32,2023
"Bayern",15,33,2023
"Bayern",5,34,2023
"Bayern",7,35,2023
"Bayern",2,36,2023
"Bayern",8,37,2023
"Bayern",7,38,2023
"Bayern",9,39,2023
"Bayern",13,40,2023
"Bayern",26,41,2023
"Bayern",24,42,2023
"Bayern",30,43,2023
"Bayern",26,44,2023
"Bayern",24,45,2023
"Bayern",26,46,2023
"Bayern",29,47,2023
"Bayern",22,48,2023
"Bayern",21,49,2023
"Bayern",31,50,2023
"Bayern",30,51,2023
"Bayern",26,52,2023
"Berlin",23,1,2023
"Berlin",10,2,2023
"Berlin",9,3,2023
"Berlin",7,4,2023
"Berlin",6,5,2023
"Berlin",8,6,2023
"Berlin",11,7,2023
"Berlin",6,8,2023
"Berlin",3,9,2023
"Berlin",8,10,2023
"Berlin",16,11,2023
"Berlin",10,12,2023
"Berlin",6,13,2023
"Berlin",10,14,2023
"Berlin",11,15,2023
"Berlin",8,16,2023
"Berlin",5,17,2023
"Berlin",10,18,2023
"Berlin",12,19,2023
"Berlin",11,20,2023
"Berlin",11,21,2023
"Berlin",9,22,2023
"Berlin",8,23,2023
"Berlin",13,24,2023
"Berlin",4,25,2023
"Berlin",5,26,2023
"Berlin",6,27,2023
"Berlin",4,28,2023
"Berlin",9,29,2023
"Berlin",6,30,2023
"Berlin",5,31,2023
"Berlin",6,32,2023
"Berlin",4,33,2023
"Berlin",3,34,2023
"Berlin",4,35,2023
"Berlin",4,36,2023
"Berlin",4,37,2023
"Berlin",7,38,2023
"Berlin",5,39,2023
"Berlin",9,40,2023
"Berlin",7,41,2023
"Berlin",4,42,2023
"Berlin",8,43,2023
"Berlin",4,44,2023
"Berlin",12,45,2023
"Berlin",4,46,2023
"Berlin",3,47,2023
"Berlin",9,48,2023
"Berlin",10,49,2023
"Berlin",12,50,2023
"Berlin",11,51,2023
"Berlin",11,52,2023
"Brandenburg",14,1,2023
"Brandenburg",6,2,2023
"Brandenburg",2,3,2023
"Brandenburg",6,4,2023
"Brandenburg",4,5,2023
"Brandenburg",5,6,2023
"Brandenburg",6,7,2023
"Brandenburg",9,8,2023
"Brandenburg",3,9,2023
"Brandenburg",9,10,2023
"Brandenburg",1,11,2023
"Brandenburg",3,12,2023
"Brandenburg",7,13,2023
"Brandenburg",3,14,2023
"Brandenburg",4,15,2023
"Brandenburg",11,16,2023
"Brandenburg",7,17,2023
"Brandenburg",5,18,2023
"Brandenburg",4,19,2023
"Brandenburg",4,20,2023
"Brandenburg",6,21,2023
"Brandenburg",5,22,2023
"Brandenburg",3,23,2023
"Brandenburg",3,24,2023
"Brandenburg",6,25,2023
"Brandenburg",1,26,2023
"Brandenburg",2,27,2023
"Brandenburg",3,28,2023
"Brandenburg",3,29,2023
"Brandenburg",6,30,2023
"Brandenburg",2,31,2023
"Brandenburg",2,32,2023
"Brandenburg",4,33,2023
"Brandenburg",NA,34,2023
"Brandenburg",3,35,2023
"Brandenburg",3,36,2023
"Brandenburg",NA,37,2023
"Brandenburg",NA,38,2023
"Brandenburg",4,39,2023
"Brandenburg",1,40,2023
"Brandenburg",3,41,2023
"Brandenburg",5,42,2023
"Brandenburg",3,43,2023
"Brandenburg",3,44,2023
"Brandenburg",2,45,2023
"Brandenburg",2,46,2023
"Brandenburg",6,47,2023
"Brandenburg",3,48,2023
"Brandenburg",6,49,2023
"Brandenburg",9,50,2023
"Brandenburg",11,51,2023
"Brandenburg",5,52,2023
"Bremen",2,1,2023
"Bremen",4,2,2023
"Bremen",1,3,2023
"Bremen",NA,4,2023
"Bremen",1,5,2023
"Bremen",NA,6,2023
"Bremen",NA,7,2023
"Bremen",NA,8,2023
"Bremen",NA,9,2023
"Bremen",2,10,2023
"Bremen",2,11,2023
"Bremen",1,12,2023
"Bremen",4,13,2023
"Bremen",NA,14,2023
"Bremen",3,15,2023
"Bremen",NA,16,2023
"Bremen",NA,17,2023
"Bremen",NA,18,2023
"Bremen",NA,19,2023
"Bremen",1,20,2023
"Bremen",1,21,2023
"Bremen",NA,22,2023
"Bremen",5,23,2023
"Bremen",4,24,2023
"Bremen",NA,25,2023
"Bremen",1,26,2023
"Bremen",2,27,2023
"Bremen",2,28,2023
"Bremen",NA,29,2023
"Bremen",2,30,2023
"Bremen",NA,31,2023
"Bremen",NA,32,2023
"Bremen",3,33,2023
"Bremen",NA,34,2023
"Bremen",1,35,2023
"Bremen",1,36,2023
"Bremen",NA,37,2023
"Bremen",2,38,2023
"Bremen",2,39,2023
"Bremen",NA,40,2023
"Bremen",1,41,2023
"Bremen",2,42,2023
"Bremen",2,43,2023
"Bremen",NA,44,2023
"Bremen",3,45,2023
"Bremen",1,46,2023
"Bremen",1,47,2023
"Bremen",1,48,2023
"Bremen",NA,49,2023
"Bremen",2,50,2023
"Bremen",3,51,2023
"Bremen",1,52,2023
"Hamburg",7,1,2023
"Hamburg",5,2,2023
"Hamburg",2,3,2023
"Hamburg",3,4,2023
"Hamburg",4,5,2023
"Hamburg",1,6,2023
"Hamburg",7,7,2023
"Hamburg",3,8,2023
"Hamburg",1,9,2023
"Hamburg",1,10,2023
"Hamburg",2,11,2023
"Hamburg",3,12,2023
"Hamburg",3,13,2023
"Hamburg",1,14,2023
"Hamburg",3,15,2023
"Hamburg",4,16,2023
"Hamburg",4,17,2023
"Hamburg",1,18,2023
"Hamburg",1,19,2023
"Hamburg",3,20,2023
"Hamburg",2,21,2023
"Hamburg",5,22,2023
"Hamburg",3,23,2023
"Hamburg",1,24,2023
"Hamburg",4,25,2023
"Hamburg",1,26,2023
"Hamburg",2,27,2023
"Hamburg",NA,28,2023
"Hamburg",2,29,2023
"Hamburg",NA,30,2023
"Hamburg",2,31,2023
"Hamburg",1,32,2023
"Hamburg",1,33,2023
"Hamburg",1,34,2023
"Hamburg",NA,35,2023
"Hamburg",NA,36,2023
"Hamburg",3,37,2023
"Hamburg",3,38,2023
"Hamburg",6,39,2023
"Hamburg",3,40,2023
"Hamburg",5,41,2023
"Hamburg",5,42,2023
"Hamburg",5,43,2023
"Hamburg",4,44,2023
"Hamburg",6,45,2023
"Hamburg",7,46,2023
"Hamburg",6,47,2023
"Hamburg",1,48,2023
"Hamburg",3,49,2023
"Hamburg",6,50,2023
"Hamburg",8,51,2023
"Hamburg",9,52,2023
"Hessen",26,1,2023
"Hessen",11,2,2023
"Hessen",6,3,2023
"Hessen",6,4,2023
"Hessen",7,5,2023
"Hessen",6,6,2023
"Hessen",12,7,2023
"Hessen",5,8,2023
"Hessen",6,9,2023
"Hessen",13,10,2023
"Hessen",9,11,2023
"Hessen",12,12,2023
"Hessen",18,13,2023
"Hessen",10,14,2023
"Hessen",14,15,2023
"Hessen",8,16,2023
"Hessen",8,17,2023
"Hessen",6,18,2023
"Hessen",9,19,2023
"Hessen",5,20,2023
"Hessen",17,21,2023
"Hessen",5,22,2023
"Hessen",6,23,2023
"Hessen",7,24,2023
"Hessen",4,25,2023
"Hessen",3,26,2023
"Hessen",7,27,2023
"Hessen",2,28,2023
"Hessen",2,29,2023
"Hessen",2,30,2023
"Hessen",3,31,2023
"Hessen",NA,32,2023
"Hessen",2,33,2023
"Hessen",4,34,2023
"Hessen",5,35,2023
"Hessen",6,36,2023
"Hessen",3,37,2023
"Hessen",6,38,2023
"Hessen",4,39,2023
"Hessen",4,40,2023
"Hessen",9,41,2023
"Hessen",8,42,2023
"Hessen",10,43,2023
"Hessen",4,44,2023
"Hessen",6,45,2023
"Hessen",16,46,2023
"Hessen",8,47,2023
"Hessen",9,48,2023
"Hessen",11,49,2023
"Hessen",6,50,2023
"Hessen",15,51,2023
"Hessen",19,52,2023
"Mecklenburg.Vorpommern",8,1,2023
"Mecklenburg.Vorpommern",6,2,2023
"Mecklenburg.Vorpommern",5,3,2023
"Mecklenburg.Vorpommern",2,4,2023
"Mecklenburg.Vorpommern",1,5,2023
"Mecklenburg.Vorpommern",3,6,2023
"Mecklenburg.Vorpommern",2,7,2023
"Mecklenburg.Vorpommern",3,8,2023
"Mecklenburg.Vorpommern",3,9,2023
"Mecklenburg.Vorpommern",4,10,2023
"Mecklenburg.Vorpommern",2,11,2023
"Mecklenburg.Vorpommern",5,12,2023
"Mecklenburg.Vorpommern",5,13,2023
"Mecklenburg.Vorpommern",2,14,2023
"Mecklenburg.Vorpommern",3,15,2023
"Mecklenburg.Vorpommern",6,16,2023
"Mecklenburg.Vorpommern",5,17,2023
"Mecklenburg.Vorpommern",3,18,2023
"Mecklenburg.Vorpommern",4,19,2023
"Mecklenburg.Vorpommern",3,20,2023
"Mecklenburg.Vorpommern",1,21,2023
"Mecklenburg.Vorpommern",5,22,2023
"Mecklenburg.Vorpommern",7,23,2023
"Mecklenburg.Vorpommern",3,24,2023
"Mecklenburg.Vorpommern",4,25,2023
"Mecklenburg.Vorpommern",4,26,2023
"Mecklenburg.Vorpommern",3,27,2023
"Mecklenburg.Vorpommern",1,28,2023
"Mecklenburg.Vorpommern",NA,29,2023
"Mecklenburg.Vorpommern",4,30,2023
"Mecklenburg.Vorpommern",NA,31,2023
"Mecklenburg.Vorpommern",NA,32,2023
"Mecklenburg.Vorpommern",8,33,2023
"Mecklenburg.Vorpommern",3,34,2023
"Mecklenburg.Vorpommern",2,35,2023
"Mecklenburg.Vorpommern",2,36,2023
"Mecklenburg.Vorpommern",3,37,2023
"Mecklenburg.Vorpommern",1,38,2023
"Mecklenburg.Vorpommern",2,39,2023
"Mecklenburg.Vorpommern",NA,40,2023
"Mecklenburg.Vorpommern",4,41,2023
"Mecklenburg.Vorpommern",5,42,2023
"Mecklenburg.Vorpommern",6,43,2023
"Mecklenburg.Vorpommern",2,44,2023
"Mecklenburg.Vorpommern",6,45,2023
"Mecklenburg.Vorpommern",5,46,2023
"Mecklenburg.Vorpommern",2,47,2023
"Mecklenburg.Vorpommern",2,48,2023
"Mecklenburg.Vorpommern",2,49,2023
"Mecklenburg.Vorpommern",3,50,2023
"Mecklenburg.Vorpommern",4,51,2023
"Mecklenburg.Vorpommern",3,52,2023
"Niedersachsen",39,1,2023
"Niedersachsen",16,2,2023
"Niedersachsen",10,3,2023
"Niedersachsen",11,4,2023
"Niedersachsen",9,5,2023
"Niedersachsen",12,6,2023
"Niedersachsen",18,7,2023
"Niedersachsen",13,8,2023
"Niedersachsen",16,9,2023
"Niedersachsen",11,10,2023
"Niedersachsen",23,11,2023
"Niedersachsen",28,12,2023
"Niedersachsen",18,13,2023
"Niedersachsen",12,14,2023
"Niedersachsen",12,15,2023
"Niedersachsen",14,16,2023
"Niedersachsen",16,17,2023
"Niedersachsen",14,18,2023
"Niedersachsen",21,19,2023
"Niedersachsen",7,20,2023
"Niedersachsen",15,21,2023
"Niedersachsen",6,22,2023
"Niedersachsen",11,23,2023
"Niedersachsen",14,24,2023
"Niedersachsen",9,25,2023
"Niedersachsen",7,26,2023
"Niedersachsen",7,27,2023
"Niedersachsen",9,28,2023
"Niedersachsen",6,29,2023
"Niedersachsen",6,30,2023
"Niedersachsen",9,31,2023
"Niedersachsen",3,32,2023
"Niedersachsen",7,33,2023
"Niedersachsen",7,34,2023
"Niedersachsen",2,35,2023
"Niedersachsen",4,36,2023
"Niedersachsen",7,37,2023
"Niedersachsen",14,38,2023
"Niedersachsen",14,39,2023
"Niedersachsen",9,40,2023
"Niedersachsen",11,41,2023
"Niedersachsen",6,42,2023
"Niedersachsen",12,43,2023
"Niedersachsen",9,44,2023
"Niedersachsen",11,45,2023
"Niedersachsen",13,46,2023
"Niedersachsen",13,47,2023
"Niedersachsen",19,48,2023
"Niedersachsen",14,49,2023
"Niedersachsen",14,50,2023
"Niedersachsen",20,51,2023
"Niedersachsen",20,52,2023
"Nordrhein.Westfalen",84,1,2023
"Nordrhein.Westfalen",50,2,2023
"Nordrhein.Westfalen",21,3,2023
"Nordrhein.Westfalen",24,4,2023
"Nordrhein.Westfalen",26,5,2023
"Nordrhein.Westfalen",44,6,2023
"Nordrhein.Westfalen",46,7,2023
"Nordrhein.Westfalen",47,8,2023
"Nordrhein.Westfalen",43,9,2023
"Nordrhein.Westfalen",32,10,2023
"Nordrhein.Westfalen",35,11,2023
"Nordrhein.Westfalen",48,12,2023
"Nordrhein.Westfalen",42,13,2023
"Nordrhein.Westfalen",36,14,2023
"Nordrhein.Westfalen",34,15,2023
"Nordrhein.Westfalen",32,16,2023
"Nordrhein.Westfalen",23,17,2023
"Nordrhein.Westfalen",24,18,2023
"Nordrhein.Westfalen",26,19,2023
"Nordrhein.Westfalen",24,20,2023
"Nordrhein.Westfalen",31,21,2023
"Nordrhein.Westfalen",26,22,2023
"Nordrhein.Westfalen",22,23,2023
"Nordrhein.Westfalen",31,24,2023
"Nordrhein.Westfalen",31,25,2023
"Nordrhein.Westfalen",21,26,2023
"Nordrhein.Westfalen",17,27,2023
"Nordrhein.Westfalen",26,28,2023
"Nordrhein.Westfalen",14,29,2023
"Nordrhein.Westfalen",17,30,2023
"Nordrhein.Westfalen",14,31,2023
"Nordrhein.Westfalen",10,32,2023
"Nordrhein.Westfalen",13,33,2023
"Nordrhein.Westfalen",12,34,2023
"Nordrhein.Westfalen",22,35,2023
"Nordrhein.Westfalen",15,36,2023
"Nordrhein.Westfalen",28,37,2023
"Nordrhein.Westfalen",19,38,2023
"Nordrhein.Westfalen",20,39,2023
"Nordrhein.Westfalen",26,40,2023
"Nordrhein.Westfalen",39,41,2023
"Nordrhein.Westfalen",21,42,2023
"Nordrhein.Westfalen",33,43,2023
"Nordrhein.Westfalen",26,44,2023
"Nordrhein.Westfalen",32,45,2023
"Nordrhein.Westfalen",42,46,2023
"Nordrhein.Westfalen",46,47,2023
"Nordrhein.Westfalen",39,48,2023
"Nordrhein.Westfalen",37,49,2023
"Nordrhein.Westfalen",60,50,2023
"Nordrhein.Westfalen",59,51,2023
"Nordrhein.Westfalen",55,52,2023
"Rheinland.Pfalz",24,1,2023
"Rheinland.Pfalz",11,2,2023
"Rheinland.Pfalz",7,3,2023
"Rheinland.Pfalz",3,4,2023
"Rheinland.Pfalz",11,5,2023
"Rheinland.Pfalz",6,6,2023
"Rheinland.Pfalz",5,7,2023
"Rheinland.Pfalz",11,8,2023
"Rheinland.Pfalz",8,9,2023
"Rheinland.Pfalz",11,10,2023
"Rheinland.Pfalz",19,11,2023
"Rheinland.Pfalz",14,12,2023
"Rheinland.Pfalz",11,13,2023
"Rheinland.Pfalz",8,14,2023
"Rheinland.Pfalz",7,15,2023
"Rheinland.Pfalz",4,16,2023
"Rheinland.Pfalz",6,17,2023
"Rheinland.Pfalz",6,18,2023
"Rheinland.Pfalz",5,19,2023
"Rheinland.Pfalz",5,20,2023
"Rheinland.Pfalz",8,21,2023
"Rheinland.Pfalz",9,22,2023
"Rheinland.Pfalz",2,23,2023
"Rheinland.Pfalz",10,24,2023
"Rheinland.Pfalz",3,25,2023
"Rheinland.Pfalz",8,26,2023
"Rheinland.Pfalz",5,27,2023
"Rheinland.Pfalz",4,28,2023
"Rheinland.Pfalz",1,29,2023
"Rheinland.Pfalz",2,30,2023
"Rheinland.Pfalz",6,31,2023
"Rheinland.Pfalz",6,32,2023
"Rheinland.Pfalz",6,33,2023
"Rheinland.Pfalz",3,34,2023
"Rheinland.Pfalz",2,35,2023
"Rheinland.Pfalz",4,36,2023
"Rheinland.Pfalz",4,37,2023
"Rheinland.Pfalz",NA,38,2023
"Rheinland.Pfalz",2,39,2023
"Rheinland.Pfalz",6,40,2023
"Rheinland.Pfalz",8,41,2023
"Rheinland.Pfalz",4,42,2023
"Rheinland.Pfalz",8,43,2023
"Rheinland.Pfalz",7,44,2023
"Rheinland.Pfalz",16,45,2023
"Rheinland.Pfalz",6,46,2023
"Rheinland.Pfalz",10,47,2023
"Rheinland.Pfalz",3,48,2023
"Rheinland.Pfalz",9,49,2023
"Rheinland.Pfalz",7,50,2023
"Rheinland.Pfalz",8,51,2023
"Rheinland.Pfalz",7,52,2023
"Saarland",NA,1,2023
"Saarland",1,2,2023
"Saarland",2,3,2023
"Saarland",NA,4,2023
"Saarland",1,5,2023
"Saarland",NA,6,2023
"Saarland",1,7,2023
"Saarland",NA,8,2023
"Saarland",1,9,2023
"Saarland",NA,10,2023
"Saarland",1,11,2023
"Saarland",2,12,2023
"Saarland",NA,13,2023
"Saarland",1,14,2023
"Saarland",1,15,2023
"Saarland",1,16,2023
"Saarland",1,17,2023
"Saarland",1,18,2023
"Saarland",1,19,2023
"Saarland",1,20,2023
"Saarland",NA,21,2023
"Saarland",1,22,2023
"Saarland",1,23,2023
"Saarland",NA,24,2023
"Saarland",NA,25,2023
"Saarland",NA,26,2023
"Saarland",NA,27,2023
"Saarland",NA,28,2023
"Saarland",NA,29,2023
"Saarland",2,30,2023
"Saarland",NA,31,2023
"Saarland",NA,32,2023
"Saarland",NA,33,2023
"Saarland",NA,34,2023
"Saarland",NA,35,2023
"Saarland",NA,36,2023
"Saarland",NA,37,2023
"Saarland",NA,38,2023
"Saarland",NA,39,2023
"Saarland",NA,40,2023
"Saarland",NA,41,2023
"Saarland",NA,42,2023
"Saarland",1,43,2023
"Saarland",NA,44,2023
"Saarland",3,45,2023
"Saarland",NA,46,2023
"Saarland",NA,47,2023
"Saarland",NA,48,2023
"Saarland",NA,49,2023
"Saarland",NA,50,2023
"Saarland",1,51,2023
"Saarland",1,52,2023
"Sachsen",52,1,2023
"Sachsen",21,2,2023
"Sachsen",6,3,2023
"Sachsen",8,4,2023
"Sachsen",10,5,2023
"Sachsen",19,6,2023
"Sachsen",11,7,2023
"Sachsen",15,8,2023
"Sachsen",15,9,2023
"Sachsen",11,10,2023
"Sachsen",14,11,2023
"Sachsen",6,12,2023
"Sachsen",8,13,2023
"Sachsen",4,14,2023
"Sachsen",23,15,2023
"Sachsen",15,16,2023
"Sachsen",11,17,2023
"Sachsen",7,18,2023
"Sachsen",11,19,2023
"Sachsen",11,20,2023
"Sachsen",15,21,2023
"Sachsen",4,22,2023
"Sachsen",5,23,2023
"Sachsen",11,24,2023
"Sachsen",2,25,2023
"Sachsen",3,26,2023
"Sachsen",3,27,2023
"Sachsen",5,28,2023
"Sachsen",3,29,2023
"Sachsen",3,30,2023
"Sachsen",7,31,2023
"Sachsen",2,32,2023
"Sachsen",6,33,2023
"Sachsen",3,34,2023
"Sachsen",2,35,2023
"Sachsen",4,36,2023
"Sachsen",3,37,2023
"Sachsen",4,38,2023
"Sachsen",5,39,2023
"Sachsen",4,40,2023
"Sachsen",4,41,2023
"Sachsen",14,42,2023
"Sachsen",9,43,2023
"Sachsen",10,44,2023
"Sachsen",12,45,2023
"Sachsen",7,46,2023
"Sachsen",10,47,2023
"Sachsen",3,48,2023
"Sachsen",11,49,2023
"Sachsen",9,50,2023
"Sachsen",15,51,2023
"Sachsen",13,52,2023
"Sachsen.Anhalt",9,1,2023
"Sachsen.Anhalt",9,2,2023
"Sachsen.Anhalt",3,3,2023
"Sachsen.Anhalt",6,4,2023
"Sachsen.Anhalt",4,5,2023
"Sachsen.Anhalt",3,6,2023
"Sachsen.Anhalt",3,7,2023
"Sachsen.Anhalt",7,8,2023
"Sachsen.Anhalt",2,9,2023
"Sachsen.Anhalt",5,10,2023
"Sachsen.Anhalt",2,11,2023
"Sachsen.Anhalt",3,12,2023
"Sachsen.Anhalt",5,13,2023
"Sachsen.Anhalt",2,14,2023
"Sachsen.Anhalt",6,15,2023
"Sachsen.Anhalt",7,16,2023
"Sachsen.Anhalt",5,17,2023
"Sachsen.Anhalt",4,18,2023
"Sachsen.Anhalt",4,19,2023
"Sachsen.Anhalt",5,20,2023
"Sachsen.Anhalt",5,21,2023
"Sachsen.Anhalt",6,22,2023
"Sachsen.Anhalt",3,23,2023
"Sachsen.Anhalt",3,24,2023
"Sachsen.Anhalt",3,25,2023
"Sachsen.Anhalt",5,26,2023
"Sachsen.Anhalt",2,27,2023
"Sachsen.Anhalt",2,28,2023
"Sachsen.Anhalt",1,29,2023
"Sachsen.Anhalt",4,30,2023
"Sachsen.Anhalt",1,31,2023
"Sachsen.Anhalt",2,32,2023
"Sachsen.Anhalt",1,33,2023
"Sachsen.Anhalt",1,34,2023
"Sachsen.Anhalt",NA,35,2023
"Sachsen.Anhalt",2,36,2023
"Sachsen.Anhalt",NA,37,2023
"Sachsen.Anhalt",2,38,2023
"Sachsen.Anhalt",1,39,2023
"Sachsen.Anhalt",2,40,2023
"Sachsen.Anhalt",2,41,2023
"Sachsen.Anhalt",5,42,2023
"Sachsen.Anhalt",4,43,2023
"Sachsen.Anhalt",2,44,2023
"Sachsen.Anhalt",3,45,2023
"Sachsen.Anhalt",3,46,2023
"Sachsen.Anhalt",6,47,2023
"Sachsen.Anhalt",3,48,2023
"Sachsen.Anhalt",5,49,2023
"Sachsen.Anhalt",3,50,2023
"Sachsen.Anhalt",4,51,2023
"Sachsen.Anhalt",1,52,2023
"Schleswig.Holstein",10,1,2023
"Schleswig.Holstein",6,2,2023
"Schleswig.Holstein",6,3,2023
"Schleswig.Holstein",2,4,2023
"Schleswig.Holstein",4,5,2023
"Schleswig.Holstein",7,6,2023
"Schleswig.Holstein",2,7,2023
"Schleswig.Holstein",3,8,2023
"Schleswig.Holstein",4,9,2023
"Schleswig.Holstein",6,10,2023
"Schleswig.Holstein",5,11,2023
"Schleswig.Holstein",5,12,2023
"Schleswig.Holstein",3,13,2023
"Schleswig.Holstein",4,14,2023
"Schleswig.Holstein",4,15,2023
"Schleswig.Holstein",5,16,2023
"Schleswig.Holstein",5,17,2023
"Schleswig.Holstein",2,18,2023
"Schleswig.Holstein",2,19,2023
"Schleswig.Holstein",6,20,2023
"Schleswig.Holstein",5,21,2023
"Schleswig.Holstein",4,22,2023
"Schleswig.Holstein",NA,23,2023
"Schleswig.Holstein",2,24,2023
"Schleswig.Holstein",4,25,2023
"Schleswig.Holstein",6,26,2023
"Schleswig.Holstein",3,27,2023
"Schleswig.Holstein",3,28,2023
"Schleswig.Holstein",3,29,2023
"Schleswig.Holstein",3,30,2023
"Schleswig.Holstein",NA,31,2023
"Schleswig.Holstein",1,32,2023
"Schleswig.Holstein",5,33,2023
"Schleswig.Holstein",3,34,2023
"Schleswig.Holstein",NA,35,2023
"Schleswig.Holstein",1,36,2023
"Schleswig.Holstein",2,37,2023
"Schleswig.Holstein",3,38,2023
"Schleswig.Holstein",2,39,2023
"Schleswig.Holstein",1,40,2023
"Schleswig.Holstein",7,41,2023
"Schleswig.Holstein",1,42,2023
"Schleswig.Holstein",4,43,2023
"Schleswig.Holstein",6,44,2023
"Schleswig.Holstein",4,45,2023
"Schleswig.Holstein",4,46,2023
"Schleswig.Holstein",2,47,2023
"Schleswig.Holstein",2,48,2023
"Schleswig.Holstein",3,49,2023
"Schleswig.Holstein",7,50,2023
"Schleswig.Holstein",6,51,2023
"Schleswig.Holstein",5,52,2023
"ThÃ.ringen",6,1,2023
"ThÃ.ringen",4,2,2023
"ThÃ.ringen",3,3,2023
"ThÃ.ringen",3,4,2023
"ThÃ.ringen",1,5,2023
"ThÃ.ringen",1,6,2023
"ThÃ.ringen",1,7,2023
"ThÃ.ringen",NA,8,2023
"ThÃ.ringen",5,9,2023
"ThÃ.ringen",1,10,2023
"ThÃ.ringen",2,11,2023
"ThÃ.ringen",4,12,2023
"ThÃ.ringen",2,13,2023
"ThÃ.ringen",1,14,2023
"ThÃ.ringen",1,15,2023
"ThÃ.ringen",3,16,2023
"ThÃ.ringen",2,17,2023
"ThÃ.ringen",2,18,2023
"ThÃ.ringen",1,19,2023
"ThÃ.ringen",NA,20,2023
"ThÃ.ringen",1,21,2023
"ThÃ.ringen",1,22,2023
"ThÃ.ringen",NA,23,2023
"ThÃ.ringen",1,24,2023
"ThÃ.ringen",1,25,2023
"ThÃ.ringen",1,26,2023
"ThÃ.ringen",1,27,2023
"ThÃ.ringen",NA,28,2023
"ThÃ.ringen",1,29,2023
"ThÃ.ringen",3,30,2023
"ThÃ.ringen",NA,31,2023
"ThÃ.ringen",1,32,2023
"ThÃ.ringen",2,33,2023
"ThÃ.ringen",1,34,2023
"ThÃ.ringen",NA,35,2023
"ThÃ.ringen",NA,36,2023
"ThÃ.ringen",2,37,2023
"ThÃ.ringen",3,38,2023
"ThÃ.ringen",3,39,2023
"ThÃ.ringen",2,40,2023
"ThÃ.ringen",1,41,2023
"ThÃ.ringen",1,42,2023
"ThÃ.ringen",2,43,2023
"ThÃ.ringen",NA,44,2023
"ThÃ.ringen",2,45,2023
"ThÃ.ringen",1,46,2023
"ThÃ.ringen",NA,47,2023
"ThÃ.ringen",NA,48,2023
"ThÃ.ringen",11,49,2023
"ThÃ.ringen",3,50,2023
"ThÃ.ringen",3,51,2023
"ThÃ.ringen",4,52,2023
"Baden.WÃ.rttemberg",4,1,2022
"Baden.WÃ.rttemberg",9,2,2022
"Baden.WÃ.rttemberg",9,3,2022
"Baden.WÃ.rttemberg",1,4,2022
"Baden.WÃ.rttemberg",4,5,2022
"Baden.WÃ.rttemberg",6,6,2022
"Baden.WÃ.rttemberg",11,7,2022
"Baden.WÃ.rttemberg",7,8,2022
"Baden.WÃ.rttemberg",11,9,2022
"Baden.WÃ.rttemberg",7,10,2022
"Baden.WÃ.rttemberg",7,11,2022
"Baden.WÃ.rttemberg",12,12,2022
"Baden.WÃ.rttemberg",6,13,2022
"Baden.WÃ.rttemberg",5,14,2022
"Baden.WÃ.rttemberg",8,15,2022
"Baden.WÃ.rttemberg",10,16,2022
"Baden.WÃ.rttemberg",15,17,2022
"Baden.WÃ.rttemberg",11,18,2022
"Baden.WÃ.rttemberg",5,19,2022
"Baden.WÃ.rttemberg",7,20,2022
"Baden.WÃ.rttemberg",2,21,2022
"Baden.WÃ.rttemberg",11,22,2022
"Baden.WÃ.rttemberg",10,23,2022
"Baden.WÃ.rttemberg",5,24,2022
"Baden.WÃ.rttemberg",4,25,2022
"Baden.WÃ.rttemberg",5,26,2022
"Baden.WÃ.rttemberg",7,27,2022
"Baden.WÃ.rttemberg",3,28,2022
"Baden.WÃ.rttemberg",6,29,2022
"Baden.WÃ.rttemberg",9,30,2022
"Baden.WÃ.rttemberg",6,31,2022
"Baden.WÃ.rttemberg",5,32,2022
"Baden.WÃ.rttemberg",5,33,2022
"Baden.WÃ.rttemberg",4,34,2022
"Baden.WÃ.rttemberg",4,35,2022
"Baden.WÃ.rttemberg",8,36,2022
"Baden.WÃ.rttemberg",4,37,2022
"Baden.WÃ.rttemberg",6,38,2022
"Baden.WÃ.rttemberg",8,39,2022
"Baden.WÃ.rttemberg",12,40,2022
"Baden.WÃ.rttemberg",25,41,2022
"Baden.WÃ.rttemberg",12,42,2022
"Baden.WÃ.rttemberg",8,43,2022
"Baden.WÃ.rttemberg",14,44,2022
"Baden.WÃ.rttemberg",16,45,2022
"Baden.WÃ.rttemberg",8,46,2022
"Baden.WÃ.rttemberg",17,47,2022
"Baden.WÃ.rttemberg",23,48,2022
"Baden.WÃ.rttemberg",26,49,2022
"Baden.WÃ.rttemberg",25,50,2022
"Baden.WÃ.rttemberg",33,51,2022
"Baden.WÃ.rttemberg",35,52,2022
"Bayern",8,1,2022
"Bayern",9,2,2022
"Bayern",1,3,2022
"Bayern",3,4,2022
"Bayern",4,5,2022
"Bayern",6,6,2022
"Bayern",5,7,2022
"Bayern",5,8,2022
"Bayern",3,9,2022
"Bayern",11,10,2022
"Bayern",5,11,2022
"Bayern",8,12,2022
"Bayern",5,13,2022
"Bayern",10,14,2022
"Bayern",9,15,2022
"Bayern",6,16,2022
"Bayern",15,17,2022
"Bayern",15,18,2022
"Bayern",6,19,2022
"Bayern",7,20,2022
"Bayern",12,21,2022
"Bayern",8,22,2022
"Bayern",7,23,2022
"Bayern",4,24,2022
"Bayern",8,25,2022
"Bayern",7,26,2022
"Bayern",3,27,2022
"Bayern",2,28,2022
"Bayern",6,29,2022
"Bayern",5,30,2022
"Bayern",11,31,2022
"Bayern",13,32,2022
"Bayern",2,33,2022
"Bayern",5,34,2022
"Bayern",2,35,2022
"Bayern",5,36,2022
"Bayern",2,37,2022
"Bayern",4,38,2022
"Bayern",7,39,2022
"Bayern",7,40,2022
"Bayern",14,41,2022
"Bayern",14,42,2022
"Bayern",13,43,2022
"Bayern",13,44,2022
"Bayern",19,45,2022
"Bayern",14,46,2022
"Bayern",19,47,2022
"Bayern",21,48,2022
"Bayern",22,49,2022
"Bayern",32,50,2022
"Bayern",36,51,2022
"Bayern",39,52,2022
"Berlin",1,1,2022
"Berlin",1,2,2022
"Berlin",3,3,2022
"Berlin",5,4,2022
"Berlin",5,5,2022
"Berlin",2,6,2022
"Berlin",1,7,2022
"Berlin",1,8,2022
"Berlin",2,9,2022
"Berlin",2,10,2022
"Berlin",4,11,2022
"Berlin",3,12,2022
"Berlin",3,13,2022
"Berlin",2,14,2022
"Berlin",2,15,2022
"Berlin",2,16,2022
"Berlin",4,17,2022
"Berlin",4,18,2022
"Berlin",7,19,2022
"Berlin",4,20,2022
"Berlin",2,21,2022
"Berlin",1,22,2022
"Berlin",4,23,2022
"Berlin",15,24,2022
"Berlin",3,25,2022
"Berlin",4,26,2022
"Berlin",1,27,2022
"Berlin",5,28,2022
"Berlin",3,29,2022
"Berlin",1,30,2022
"Berlin",3,31,2022
"Berlin",3,32,2022
"Berlin",2,33,2022
"Berlin",3,34,2022
"Berlin",1,35,2022
"Berlin",4,36,2022
"Berlin",2,37,2022
"Berlin",5,38,2022
"Berlin",5,39,2022
"Berlin",6,40,2022
"Berlin",5,41,2022
"Berlin",10,42,2022
"Berlin",6,43,2022
"Berlin",3,44,2022
"Berlin",7,45,2022
"Berlin",1,46,2022
"Berlin",3,47,2022
"Berlin",8,48,2022
"Berlin",20,49,2022
"Berlin",19,50,2022
"Berlin",12,51,2022
"Berlin",24,52,2022
"Brandenburg",7,1,2022
"Brandenburg",2,2,2022
"Brandenburg",NA,3,2022
"Brandenburg",1,4,2022
"Brandenburg",NA,5,2022
"Brandenburg",NA,6,2022
"Brandenburg",3,7,2022
"Brandenburg",1,8,2022
"Brandenburg",2,9,2022
"Brandenburg",3,10,2022
"Brandenburg",6,11,2022
"Brandenburg",2,12,2022
"Brandenburg",7,13,2022
"Brandenburg",6,14,2022
"Brandenburg",2,15,2022
"Brandenburg",2,16,2022
"Brandenburg",3,17,2022
"Brandenburg",6,18,2022
"Brandenburg",3,19,2022
"Brandenburg",4,20,2022
"Brandenburg",2,21,2022
"Brandenburg",6,22,2022
"Brandenburg",2,23,2022
"Brandenburg",2,24,2022
"Brandenburg",2,25,2022
"Brandenburg",1,26,2022
"Brandenburg",NA,27,2022
"Brandenburg",5,28,2022
"Brandenburg",1,29,2022
"Brandenburg",5,30,2022
"Brandenburg",1,31,2022
"Brandenburg",NA,32,2022
"Brandenburg",3,33,2022
"Brandenburg",2,34,2022
"Brandenburg",1,35,2022
"Brandenburg",5,36,2022
"Brandenburg",1,37,2022
"Brandenburg",1,38,2022
"Brandenburg",3,39,2022
"Brandenburg",3,40,2022
"Brandenburg",3,41,2022
"Brandenburg",2,42,2022
"Brandenburg",2,43,2022
"Brandenburg",2,44,2022
"Brandenburg",2,45,2022
"Brandenburg",3,46,2022
"Brandenburg",NA,47,2022
"Brandenburg",4,48,2022
"Brandenburg",1,49,2022
"Brandenburg",8,50,2022
"Brandenburg",14,51,2022
"Brandenburg",12,52,2022
"Bremen",NA,1,2022
"Bremen",NA,2,2022
"Bremen",1,3,2022
"Bremen",1,4,2022
"Bremen",NA,5,2022
"Bremen",1,6,2022
"Bremen",NA,7,2022
"Bremen",NA,8,2022
"Bremen",NA,9,2022
"Bremen",2,10,2022
"Bremen",2,11,2022
"Bremen",1,12,2022
"Bremen",3,13,2022
"Bremen",NA,14,2022
"Bremen",1,15,2022
"Bremen",NA,16,2022
"Bremen",NA,17,2022
"Bremen",NA,18,2022
"Bremen",1,19,2022
"Bremen",NA,20,2022
"Bremen",1,21,2022
"Bremen",2,22,2022
"Bremen",NA,23,2022
"Bremen",NA,24,2022
"Bremen",NA,25,2022
"Bremen",2,26,2022
"Bremen",NA,27,2022
"Bremen",1,28,2022
"Bremen",4,29,2022
"Bremen",NA,30,2022
"Bremen",NA,31,2022
"Bremen",NA,32,2022
"Bremen",3,33,2022
"Bremen",NA,34,2022
"Bremen",NA,35,2022
"Bremen",NA,36,2022
"Bremen",NA,37,2022
"Bremen",NA,38,2022
"Bremen",NA,39,2022
"Bremen",2,40,2022
"Bremen",6,41,2022
"Bremen",2,42,2022
"Bremen",3,43,2022
"Bremen",2,44,2022
"Bremen",2,45,2022
"Bremen",NA,46,2022
"Bremen",NA,47,2022
"Bremen",1,48,2022
"Bremen",NA,49,2022
"Bremen",1,50,2022
"Bremen",NA,51,2022
"Bremen",7,52,2022
"Hamburg",NA,1,2022
"Hamburg",NA,2,2022
"Hamburg",NA,3,2022
"Hamburg",NA,4,2022
"Hamburg",NA,5,2022
"Hamburg",1,6,2022
"Hamburg",NA,7,2022
"Hamburg",NA,8,2022
"Hamburg",1,9,2022
"Hamburg",NA,10,2022
"Hamburg",1,11,2022
"Hamburg",NA,12,2022
"Hamburg",1,13,2022
"Hamburg",1,14,2022
"Hamburg",NA,15,2022
"Hamburg",2,16,2022
"Hamburg",2,17,2022
"Hamburg",1,18,2022
"Hamburg",3,19,2022
"Hamburg",NA,20,2022
"Hamburg",3,21,2022
"Hamburg",1,22,2022
"Hamburg",3,23,2022
"Hamburg",1,24,2022
"Hamburg",2,25,2022
"Hamburg",NA,26,2022
"Hamburg",NA,27,2022
"Hamburg",4,28,2022
"Hamburg",2,29,2022
"Hamburg",2,30,2022
"Hamburg",NA,31,2022
"Hamburg",1,32,2022
"Hamburg",1,33,2022
"Hamburg",NA,34,2022
"Hamburg",4,35,2022
"Hamburg",2,36,2022
"Hamburg",4,37,2022
"Hamburg",1,38,2022
"Hamburg",1,39,2022
"Hamburg",2,40,2022
"Hamburg",4,41,2022
"Hamburg",1,42,2022
"Hamburg",1,43,2022
"Hamburg",2,44,2022
"Hamburg",4,45,2022
"Hamburg",3,46,2022
"Hamburg",3,47,2022
"Hamburg",3,48,2022
"Hamburg",4,49,2022
"Hamburg",4,50,2022
"Hamburg",8,51,2022
"Hamburg",13,52,2022
"Hessen",5,1,2022
"Hessen",NA,2,2022
"Hessen",NA,3,2022
"Hessen",NA,4,2022
"Hessen",NA,5,2022
"Hessen",2,6,2022
"Hessen",2,7,2022
"Hessen",3,8,2022
"Hessen",4,9,2022
"Hessen",3,10,2022
"Hessen",1,11,2022
"Hessen",1,12,2022
"Hessen",4,13,2022
"Hessen",NA,14,2022
"Hessen",NA,15,2022
"Hessen",2,16,2022
"Hessen",2,17,2022
"Hessen",6,18,2022
"Hessen",3,19,2022
"Hessen",2,20,2022
"Hessen",3,21,2022
"Hessen",1,22,2022
"Hessen",4,23,2022
"Hessen",3,24,2022
"Hessen",3,25,2022
"Hessen",3,26,2022
"Hessen",3,27,2022
"Hessen",4,28,2022
"Hessen",3,29,2022
"Hessen",2,30,2022
"Hessen",NA,31,2022
"Hessen",4,32,2022
"Hessen",2,33,2022
"Hessen",3,34,2022
"Hessen",1,35,2022
"Hessen",3,36,2022
"Hessen",NA,37,2022
"Hessen",1,38,2022
"Hessen",5,39,2022
"Hessen",5,40,2022
"Hessen",4,41,2022
"Hessen",2,42,2022
"Hessen",4,43,2022
"Hessen",9,44,2022
"Hessen",7,45,2022
"Hessen",7,46,2022
"Hessen",4,47,2022
"Hessen",4,48,2022
"Hessen",9,49,2022
"Hessen",19,50,2022
"Hessen",19,51,2022
"Hessen",15,52,2022
"Mecklenburg.Vorpommern",3,1,2022
"Mecklenburg.Vorpommern",6,2,2022
"Mecklenburg.Vorpommern",1,3,2022
"Mecklenburg.Vorpommern",3,4,2022
"Mecklenburg.Vorpommern",NA,5,2022
"Mecklenburg.Vorpommern",1,6,2022
"Mecklenburg.Vorpommern",1,7,2022
"Mecklenburg.Vorpommern",2,8,2022
"Mecklenburg.Vorpommern",4,9,2022
"Mecklenburg.Vorpommern",1,10,2022
"Mecklenburg.Vorpommern",3,11,2022
"Mecklenburg.Vorpommern",NA,12,2022
"Mecklenburg.Vorpommern",NA,13,2022
"Mecklenburg.Vorpommern",4,14,2022
"Mecklenburg.Vorpommern",1,15,2022
"Mecklenburg.Vorpommern",2,16,2022
"Mecklenburg.Vorpommern",2,17,2022
"Mecklenburg.Vorpommern",5,18,2022
"Mecklenburg.Vorpommern",5,19,2022
"Mecklenburg.Vorpommern",1,20,2022
"Mecklenburg.Vorpommern",1,21,2022
"Mecklenburg.Vorpommern",6,22,2022
"Mecklenburg.Vorpommern",2,23,2022
"Mecklenburg.Vorpommern",3,24,2022
"Mecklenburg.Vorpommern",1,25,2022
"Mecklenburg.Vorpommern",3,26,2022
"Mecklenburg.Vorpommern",2,27,2022
"Mecklenburg.Vorpommern",1,28,2022
"Mecklenburg.Vorpommern",NA,29,2022
"Mecklenburg.Vorpommern",1,30,2022
"Mecklenburg.Vorpommern",NA,31,2022
"Mecklenburg.Vorpommern",4,32,2022
"Mecklenburg.Vorpommern",3,33,2022
"Mecklenburg.Vorpommern",1,34,2022
"Mecklenburg.Vorpommern",NA,35,2022
"Mecklenburg.Vorpommern",2,36,2022
"Mecklenburg.Vorpommern",3,37,2022
"Mecklenburg.Vorpommern",NA,38,2022
"Mecklenburg.Vorpommern",2,39,2022
"Mecklenburg.Vorpommern",3,40,2022
"Mecklenburg.Vorpommern",3,41,2022
"Mecklenburg.Vorpommern",4,42,2022
"Mecklenburg.Vorpommern",8,43,2022
"Mecklenburg.Vorpommern",4,44,2022
"Mecklenburg.Vorpommern",NA,45,2022
"Mecklenburg.Vorpommern",1,46,2022
"Mecklenburg.Vorpommern",2,47,2022
"Mecklenburg.Vorpommern",6,48,2022
"Mecklenburg.Vorpommern",6,49,2022
"Mecklenburg.Vorpommern",9,50,2022
"Mecklenburg.Vorpommern",6,51,2022
"Mecklenburg.Vorpommern",4,52,2022
"Niedersachsen",3,1,2022
"Niedersachsen",4,2,2022
"Niedersachsen",4,3,2022
"Niedersachsen",3,4,2022
"Niedersachsen",NA,5,2022
"Niedersachsen",5,6,2022
"Niedersachsen",4,7,2022
"Niedersachsen",NA,8,2022
"Niedersachsen",1,9,2022
"Niedersachsen",6,10,2022
"Niedersachsen",2,11,2022
"Niedersachsen",4,12,2022
"Niedersachsen",3,13,2022
"Niedersachsen",4,14,2022
"Niedersachsen",5,15,2022
"Niedersachsen",4,16,2022
"Niedersachsen",4,17,2022
"Niedersachsen",2,18,2022
"Niedersachsen",5,19,2022
"Niedersachsen",7,20,2022
"Niedersachsen",3,21,2022
"Niedersachsen",6,22,2022
"Niedersachsen",9,23,2022
"Niedersachsen",7,24,2022
"Niedersachsen",7,25,2022
"Niedersachsen",4,26,2022
"Niedersachsen",3,27,2022
"Niedersachsen",4,28,2022
"Niedersachsen",4,29,2022
"Niedersachsen",2,30,2022
"Niedersachsen",8,31,2022
"Niedersachsen",4,32,2022
"Niedersachsen",3,33,2022
"Niedersachsen",2,34,2022
"Niedersachsen",1,35,2022
"Niedersachsen",1,36,2022
"Niedersachsen",3,37,2022
"Niedersachsen",3,38,2022
"Niedersachsen",5,39,2022
"Niedersachsen",9,40,2022
"Niedersachsen",5,41,2022
"Niedersachsen",12,42,2022
"Niedersachsen",6,43,2022
"Niedersachsen",9,44,2022
"Niedersachsen",9,45,2022
"Niedersachsen",3,46,2022
"Niedersachsen",13,47,2022
"Niedersachsen",12,48,2022
"Niedersachsen",11,49,2022
"Niedersachsen",23,50,2022
"Niedersachsen",29,51,2022
"Niedersachsen",21,52,2022
"Nordrhein.Westfalen",16,1,2022
"Nordrhein.Westfalen",7,2,2022
"Nordrhein.Westfalen",4,3,2022
"Nordrhein.Westfalen",8,4,2022
"Nordrhein.Westfalen",15,5,2022
"Nordrhein.Westfalen",8,6,2022
"Nordrhein.Westfalen",7,7,2022
"Nordrhein.Westfalen",3,8,2022
"Nordrhein.Westfalen",9,9,2022
"Nordrhein.Westfalen",4,10,2022
"Nordrhein.Westfalen",8,11,2022
"Nordrhein.Westfalen",18,12,2022
"Nordrhein.Westfalen",14,13,2022
"Nordrhein.Westfalen",11,14,2022
"Nordrhein.Westfalen",18,15,2022
"Nordrhein.Westfalen",18,16,2022
"Nordrhein.Westfalen",23,17,2022
"Nordrhein.Westfalen",11,18,2022
"Nordrhein.Westfalen",14,19,2022
"Nordrhein.Westfalen",21,20,2022
"Nordrhein.Westfalen",9,21,2022
"Nordrhein.Westfalen",14,22,2022
"Nordrhein.Westfalen",14,23,2022
"Nordrhein.Westfalen",11,24,2022
"Nordrhein.Westfalen",22,25,2022
"Nordrhein.Westfalen",21,26,2022
"Nordrhein.Westfalen",9,27,2022
"Nordrhein.Westfalen",16,28,2022
"Nordrhein.Westfalen",11,29,2022
"Nordrhein.Westfalen",10,30,2022
"Nordrhein.Westfalen",8,31,2022
"Nordrhein.Westfalen",10,32,2022
"Nordrhein.Westfalen",10,33,2022
"Nordrhein.Westfalen",7,34,2022
"Nordrhein.Westfalen",9,35,2022
"Nordrhein.Westfalen",16,36,2022
"Nordrhein.Westfalen",21,37,2022
"Nordrhein.Westfalen",20,38,2022
"Nordrhein.Westfalen",24,39,2022
"Nordrhein.Westfalen",24,40,2022
"Nordrhein.Westfalen",19,41,2022
"Nordrhein.Westfalen",28,42,2022
"Nordrhein.Westfalen",20,43,2022
"Nordrhein.Westfalen",15,44,2022
"Nordrhein.Westfalen",25,45,2022
"Nordrhein.Westfalen",26,46,2022
"Nordrhein.Westfalen",20,47,2022
"Nordrhein.Westfalen",46,48,2022
"Nordrhein.Westfalen",44,49,2022
"Nordrhein.Westfalen",54,50,2022
"Nordrhein.Westfalen",67,51,2022
"Nordrhein.Westfalen",66,52,2022
"Rheinland.Pfalz",1,1,2022
"Rheinland.Pfalz",NA,2,2022
"Rheinland.Pfalz",NA,3,2022
"Rheinland.Pfalz",NA,4,2022
"Rheinland.Pfalz",1,5,2022
"Rheinland.Pfalz",2,6,2022
"Rheinland.Pfalz",3,7,2022
"Rheinland.Pfalz",NA,8,2022
"Rheinland.Pfalz",3,9,2022
"Rheinland.Pfalz",NA,10,2022
"Rheinland.Pfalz",2,11,2022
"Rheinland.Pfalz",1,12,2022
"Rheinland.Pfalz",1,13,2022
"Rheinland.Pfalz",2,14,2022
"Rheinland.Pfalz",1,15,2022
"Rheinland.Pfalz",1,16,2022
"Rheinland.Pfalz",4,17,2022
"Rheinland.Pfalz",5,18,2022
"Rheinland.Pfalz",3,19,2022
"Rheinland.Pfalz",1,20,2022
"Rheinland.Pfalz",2,21,2022
"Rheinland.Pfalz",2,22,2022
"Rheinland.Pfalz",1,23,2022
"Rheinland.Pfalz",3,24,2022
"Rheinland.Pfalz",4,25,2022
"Rheinland.Pfalz",2,26,2022
"Rheinland.Pfalz",NA,27,2022
"Rheinland.Pfalz",4,28,2022
"Rheinland.Pfalz",1,29,2022
"Rheinland.Pfalz",3,30,2022
"Rheinland.Pfalz",4,31,2022
"Rheinland.Pfalz",1,32,2022
"Rheinland.Pfalz",2,33,2022
"Rheinland.Pfalz",3,34,2022
"Rheinland.Pfalz",1,35,2022
"Rheinland.Pfalz",2,36,2022
"Rheinland.Pfalz",NA,37,2022
"Rheinland.Pfalz",NA,38,2022
"Rheinland.Pfalz",1,39,2022
"Rheinland.Pfalz",2,40,2022
"Rheinland.Pfalz",7,41,2022
"Rheinland.Pfalz",3,42,2022
"Rheinland.Pfalz",3,43,2022
"Rheinland.Pfalz",4,44,2022
"Rheinland.Pfalz",2,45,2022
"Rheinland.Pfalz",2,46,2022
"Rheinland.Pfalz",2,47,2022
"Rheinland.Pfalz",4,48,2022
"Rheinland.Pfalz",6,49,2022
"Rheinland.Pfalz",15,50,2022
"Rheinland.Pfalz",7,51,2022
"Rheinland.Pfalz",11,52,2022
"Saarland",NA,1,2022
"Saarland",NA,2,2022
"Saarland",NA,3,2022
"Saarland",NA,4,2022
"Saarland",NA,5,2022
"Saarland",NA,6,2022
"Saarland",NA,7,2022
"Saarland",NA,8,2022
"Saarland",NA,9,2022
"Saarland",NA,10,2022
"Saarland",NA,11,2022
"Saarland",NA,12,2022
"Saarland",NA,13,2022
"Saarland",NA,14,2022
"Saarland",3,15,2022
"Saarland",NA,16,2022
"Saarland",1,17,2022
"Saarland",NA,18,2022
"Saarland",NA,19,2022
"Saarland",NA,20,2022
"Saarland",NA,21,2022
"Saarland",1,22,2022
"Saarland",NA,23,2022
"Saarland",1,24,2022
"Saarland",1,25,2022
"Saarland",NA,26,2022
"Saarland",NA,27,2022
"Saarland",NA,28,2022
"Saarland",1,29,2022
"Saarland",2,30,2022
"Saarland",NA,31,2022
"Saarland",NA,32,2022
"Saarland",1,33,2022
"Saarland",1,34,2022
"Saarland",NA,35,2022
"Saarland",NA,36,2022
"Saarland",NA,37,2022
"Saarland",NA,38,2022
"Saarland",NA,39,2022
"Saarland",NA,40,2022
"Saarland",NA,41,2022
"Saarland",NA,42,2022
"Saarland",NA,43,2022
"Saarland",NA,44,2022
"Saarland",NA,45,2022
"Saarland",1,46,2022
"Saarland",1,47,2022
"Saarland",1,48,2022
"Saarland",NA,49,2022
"Saarland",NA,50,2022
"Saarland",NA,51,2022
"Saarland",3,52,2022
"Sachsen",5,1,2022
"Sachsen",6,2,2022
"Sachsen",4,3,2022
"Sachsen",6,4,2022
"Sachsen",8,5,2022
"Sachsen",3,6,2022
"Sachsen",1,7,2022
"Sachsen",5,8,2022
"Sachsen",9,9,2022
"Sachsen",4,10,2022
"Sachsen",5,11,2022
"Sachsen",5,12,2022
"Sachsen",5,13,2022
"Sachsen",6,14,2022
"Sachsen",3,15,2022
"Sachsen",4,16,2022
"Sachsen",9,17,2022
"Sachsen",13,18,2022
"Sachsen",4,19,2022
"Sachsen",5,20,2022
"Sachsen",2,21,2022
"Sachsen",4,22,2022
"Sachsen",3,23,2022
"Sachsen",3,24,2022
"Sachsen",1,25,2022
"Sachsen",2,26,2022
"Sachsen",5,27,2022
"Sachsen",4,28,2022
"Sachsen",6,29,2022
"Sachsen",3,30,2022
"Sachsen",3,31,2022
"Sachsen",NA,32,2022
"Sachsen",4,33,2022
"Sachsen",2,34,2022
"Sachsen",3,35,2022
"Sachsen",1,36,2022
"Sachsen",7,37,2022
"Sachsen",3,38,2022
"Sachsen",5,39,2022
"Sachsen",11,40,2022
"Sachsen",7,41,2022
"Sachsen",9,42,2022
"Sachsen",7,43,2022
"Sachsen",8,44,2022
"Sachsen",6,45,2022
"Sachsen",8,46,2022
"Sachsen",8,47,2022
"Sachsen",18,48,2022
"Sachsen",19,49,2022
"Sachsen",10,50,2022
"Sachsen",26,51,2022
"Sachsen",23,52,2022
"Sachsen.Anhalt",NA,1,2022
"Sachsen.Anhalt",3,2,2022
"Sachsen.Anhalt",2,3,2022
"Sachsen.Anhalt",2,4,2022
"Sachsen.Anhalt",1,5,2022
"Sachsen.Anhalt",2,6,2022
"Sachsen.Anhalt",4,7,2022
"Sachsen.Anhalt",3,8,2022
"Sachsen.Anhalt",3,9,2022
"Sachsen.Anhalt",4,10,2022
"Sachsen.Anhalt",2,11,2022
"Sachsen.Anhalt",1,12,2022
"Sachsen.Anhalt",3,13,2022
"Sachsen.Anhalt",2,14,2022
"Sachsen.Anhalt",1,15,2022
"Sachsen.Anhalt",NA,16,2022
"Sachsen.Anhalt",1,17,2022
"Sachsen.Anhalt",NA,18,2022
"Sachsen.Anhalt",2,19,2022
"Sachsen.Anhalt",4,20,2022
"Sachsen.Anhalt",1,21,2022
"Sachsen.Anhalt",3,22,2022
"Sachsen.Anhalt",2,23,2022
"Sachsen.Anhalt",4,24,2022
"Sachsen.Anhalt",1,25,2022
"Sachsen.Anhalt",2,26,2022
"Sachsen.Anhalt",1,27,2022
"Sachsen.Anhalt",1,28,2022
"Sachsen.Anhalt",2,29,2022
"Sachsen.Anhalt",2,30,2022
"Sachsen.Anhalt",1,31,2022
"Sachsen.Anhalt",NA,32,2022
"Sachsen.Anhalt",2,33,2022
"Sachsen.Anhalt",NA,34,2022
"Sachsen.Anhalt",1,35,2022
"Sachsen.Anhalt",NA,36,2022
"Sachsen.Anhalt",NA,37,2022
"Sachsen.Anhalt",1,38,2022
"Sachsen.Anhalt",2,39,2022
"Sachsen.Anhalt",NA,40,2022
"Sachsen.Anhalt",3,41,2022
"Sachsen.Anhalt",1,42,2022
"Sachsen.Anhalt",4,43,2022
"Sachsen.Anhalt",1,44,2022
"Sachsen.Anhalt",5,45,2022
"Sachsen.Anhalt",3,46,2022
"Sachsen.Anhalt",3,47,2022
"Sachsen.Anhalt",6,48,2022
"Sachsen.Anhalt",3,49,2022
"Sachsen.Anhalt",9,50,2022
"Sachsen.Anhalt",9,51,2022
"Sachsen.Anhalt",11,52,2022
"Schleswig.Holstein",NA,1,2022
"Schleswig.Holstein",1,2,2022
"Schleswig.Holstein",2,3,2022
"Schleswig.Holstein",1,4,2022
"Schleswig.Holstein",1,5,2022
"Schleswig.Holstein",1,6,2022
"Schleswig.Holstein",NA,7,2022
"Schleswig.Holstein",3,8,2022
"Schleswig.Holstein",NA,9,2022
"Schleswig.Holstein",1,10,2022
"Schleswig.Holstein",2,11,2022
"Schleswig.Holstein",1,12,2022
"Schleswig.Holstein",2,13,2022
"Schleswig.Holstein",1,14,2022
"Schleswig.Holstein",2,15,2022
"Schleswig.Holstein",3,16,2022
"Schleswig.Holstein",1,17,2022
"Schleswig.Holstein",2,18,2022
"Schleswig.Holstein",NA,19,2022
"Schleswig.Holstein",3,20,2022
"Schleswig.Holstein",2,21,2022
"Schleswig.Holstein",2,22,2022
"Schleswig.Holstein",1,23,2022
"Schleswig.Holstein",3,24,2022
"Schleswig.Holstein",1,25,2022
"Schleswig.Holstein",2,26,2022
"Schleswig.Holstein",2,27,2022
"Schleswig.Holstein",NA,28,2022
"Schleswig.Holstein",NA,29,2022
"Schleswig.Holstein",1,30,2022
"Schleswig.Holstein",1,31,2022
"Schleswig.Holstein",NA,32,2022
"Schleswig.Holstein",1,33,2022
"Schleswig.Holstein",NA,34,2022
"Schleswig.Holstein",4,35,2022
"Schleswig.Holstein",NA,36,2022
"Schleswig.Holstein",NA,37,2022
"Schleswig.Holstein",2,38,2022
"Schleswig.Holstein",2,39,2022
"Schleswig.Holstein",3,40,2022
"Schleswig.Holstein",6,41,2022
"Schleswig.Holstein",NA,42,2022
"Schleswig.Holstein",1,43,2022
"Schleswig.Holstein",2,44,2022
"Schleswig.Holstein",1,45,2022
"Schleswig.Holstein",4,46,2022
"Schleswig.Holstein",2,47,2022
"Schleswig.Holstein",4,48,2022
"Schleswig.Holstein",4,49,2022
"Schleswig.Holstein",8,50,2022
"Schleswig.Holstein",5,51,2022
"Schleswig.Holstein",7,52,2022
"ThÃ.ringen",NA,1,2022
"ThÃ.ringen",NA,2,2022
"ThÃ.ringen",NA,3,2022
"ThÃ.ringen",NA,4,2022
"ThÃ.ringen",NA,5,2022
"ThÃ.ringen",NA,6,2022
"ThÃ.ringen",NA,7,2022
"ThÃ.ringen",NA,8,2022
"ThÃ.ringen",NA,9,2022
"ThÃ.ringen",NA,10,2022
"ThÃ.ringen",NA,11,2022
"ThÃ.ringen",NA,12,2022
"ThÃ.ringen",2,13,2022
"ThÃ.ringen",1,14,2022
"ThÃ.ringen",NA,15,2022
"ThÃ.ringen",1,16,2022
"ThÃ.ringen",1,17,2022
"ThÃ.ringen",1,18,2022
"ThÃ.ringen",NA,19,2022
"ThÃ.ringen",1,20,2022
"ThÃ.ringen",1,21,2022
"ThÃ.ringen",1,22,2022
"ThÃ.ringen",1,23,2022
"ThÃ.ringen",NA,24,2022
"ThÃ.ringen",1,25,2022
"ThÃ.ringen",1,26,2022
"ThÃ.ringen",NA,27,2022
"ThÃ.ringen",1,28,2022
"ThÃ.ringen",NA,29,2022
"ThÃ.ringen",NA,30,2022
"ThÃ.ringen",1,31,2022
"ThÃ.ringen",NA,32,2022
"ThÃ.ringen",1,33,2022
"ThÃ.ringen",NA,34,2022
"ThÃ.ringen",NA,35,2022
"ThÃ.ringen",1,36,2022
"ThÃ.ringen",1,37,2022
"ThÃ.ringen",3,38,2022
"ThÃ.ringen",1,39,2022
"ThÃ.ringen",NA,40,2022
"ThÃ.ringen",NA,41,2022
"ThÃ.ringen",4,42,2022
"ThÃ.ringen",3,43,2022
"ThÃ.ringen",2,44,2022
"ThÃ.ringen",2,45,2022
"ThÃ.ringen",NA,46,2022
"ThÃ.ringen",1,47,2022
"ThÃ.ringen",4,48,2022
"ThÃ.ringen",NA,49,2022
"ThÃ.ringen",3,50,2022
"ThÃ.ringen",3,51,2022
"ThÃ.ringen",3,52,2022
