"stratum","value","week","year"
"A00..00",NA,1,2021
"A00..00",NA,2,2021
"A00..00",NA,3,2021
"A00..00",NA,4,2021
"A00..00",NA,5,2021
"A00..00",NA,6,2021
"A00..00",NA,7,2021
"A00..00",NA,8,2021
"A00..00",NA,9,2021
"A00..00",NA,10,2021
"A00..00",NA,11,2021
"A00..00",NA,12,2021
"A00..00",NA,13,2021
"A00..00",NA,14,2021
"A00..00",NA,15,2021
"A00..00",NA,16,2021
"A00..00",NA,17,2021
"A00..00",NA,18,2021
"A00..00",1,19,2021
"A00..00",1,20,2021
"A00..00",2,21,2021
"A00..00",2,22,2021
"A00..00",NA,23,2021
"A00..00",NA,24,2021
"A00..00",NA,25,2021
"A00..00",NA,26,2021
"A00..00",NA,27,2021
"A00..00",1,28,2021
"A00..00",NA,29,2021
"A00..00",NA,30,2021
"A00..00",NA,31,2021
"A00..00",NA,32,2021
"A00..00",NA,33,2021
"A00..00",NA,34,2021
"A00..00",NA,35,2021
"A00..00",NA,36,2021
"A00..00",NA,37,2021
"A00..00",2,38,2021
"A00..00",NA,39,2021
"A00..00",NA,40,2021
"A00..00",2,41,2021
"A00..00",1,42,2021
"A00..00",1,43,2021
"A00..00",1,44,2021
"A00..00",1,45,2021
"A00..00",NA,46,2021
"A00..00",1,47,2021
"A00..00",NA,48,2021
"A01..01",NA,1,2021
"A01..01",NA,2,2021
"A01..01",NA,3,2021
"A01..01",NA,4,2021
"A01..01",NA,5,2021
"A01..01",NA,6,2021
"A01..01",1,7,2021
"A01..01",NA,8,2021
"A01..01",NA,9,2021
"A01..01",NA,10,2021
"A01..01",NA,11,2021
"A01..01",NA,12,2021
"A01..01",NA,13,2021
"A01..01",NA,14,2021
"A01..01",NA,15,2021
"A01..01",NA,16,2021
"A01..01",NA,17,2021
"A01..01",NA,18,2021
"A01..01",NA,19,2021
"A01..01",NA,20,2021
"A01..01",NA,21,2021
"A01..01",NA,22,2021
"A01..01",1,23,2021
"A01..01",NA,24,2021
"A01..01",NA,25,2021
"A01..01",NA,26,2021
"A01..01",NA,27,2021
"A01..01",NA,28,2021
"A01..01",1,29,2021
"A01..01",2,30,2021
"A01..01",2,31,2021
"A01..01",NA,32,2021
"A01..01",1,33,2021
"A01..01",NA,34,2021
"A01..01",1,35,2021
"A01..01",NA,36,2021
"A01..01",NA,37,2021
"A01..01",NA,38,2021
"A01..01",1,39,2021
"A01..01",1,40,2021
"A01..01",2,41,2021
"A01..01",NA,42,2021
"A01..01",2,43,2021
"A01..01",NA,44,2021
"A01..01",2,45,2021
"A01..01",1,46,2021
"A01..01",2,47,2021
"A01..01",NA,48,2021
"A02..02",NA,1,2021
"A02..02",NA,2,2021
"A02..02",NA,3,2021
"A02..02",NA,4,2021
"A02..02",NA,5,2021
"A02..02",NA,6,2021
"A02..02",NA,7,2021
"A02..02",NA,8,2021
"A02..02",NA,9,2021
"A02..02",NA,10,2021
"A02..02",NA,11,2021
"A02..02",NA,12,2021
"A02..02",NA,13,2021
"A02..02",NA,14,2021
"A02..02",NA,15,2021
"A02..02",NA,16,2021
"A02..02",NA,17,2021
"A02..02",NA,18,2021
"A02..02",NA,19,2021
"A02..02",NA,20,2021
"A02..02",NA,21,2021
"A02..02",NA,22,2021
"A02..02",1,23,2021
"A02..02",NA,24,2021
"A02..02",NA,25,2021
"A02..02",NA,26,2021
"A02..02",NA,27,2021
"A02..02",NA,28,2021
"A02..02",1,29,2021
"A02..02",NA,30,2021
"A02..02",NA,31,2021
"A02..02",1,32,2021
"A02..02",NA,33,2021
"A02..02",NA,34,2021
"A02..02",1,35,2021
"A02..02",NA,36,2021
"A02..02",NA,37,2021
"A02..02",NA,38,2021
"A02..02",NA,39,2021
"A02..02",NA,40,2021
"A02..02",1,41,2021
"A02..02",2,42,2021
"A02..02",NA,43,2021
"A02..02",NA,44,2021
"A02..02",1,45,2021
"A02..02",1,46,2021
"A02..02",NA,47,2021
"A02..02",NA,48,2021
"A03..03",NA,1,2021
"A03..03",NA,2,2021
"A03..03",NA,3,2021
"A03..03",NA,4,2021
"A03..03",NA,5,2021
"A03..03",NA,6,2021
"A03..03",NA,7,2021
"A03..03",NA,8,2021
"A03..03",NA,9,2021
"A03..03",NA,10,2021
"A03..03",NA,11,2021
"A03..03",NA,12,2021
"A03..03",NA,13,2021
"A03..03",NA,14,2021
"A03..03",NA,15,2021
"A03..03",NA,16,2021
"A03..03",NA,17,2021
"A03..03",NA,18,2021
"A03..03",NA,19,2021
"A03..03",NA,20,2021
"A03..03",NA,21,2021
"A03..03",NA,22,2021
"A03..03",NA,23,2021
"A03..03",1,24,2021
"A03..03",NA,25,2021
"A03..03",NA,26,2021
"A03..03",NA,27,2021
"A03..03",NA,28,2021
"A03..03",NA,29,2021
"A03..03",NA,30,2021
"A03..03",NA,31,2021
"A03..03",NA,32,2021
"A03..03",NA,33,2021
"A03..03",NA,34,2021
"A03..03",NA,35,2021
"A03..03",NA,36,2021
"A03..03",NA,37,2021
"A03..03",NA,38,2021
"A03..03",1,39,2021
"A03..03",NA,40,2021
"A03..03",1,41,2021
"A03..03",NA,42,2021
"A03..03",NA,43,2021
"A03..03",1,44,2021
"A03..03",1,45,2021
"A03..03",NA,46,2021
"A03..03",3,47,2021
"A03..03",NA,48,2021
"A04..04",NA,1,2021
"A04..04",NA,2,2021
"A04..04",NA,3,2021
"A04..04",NA,4,2021
"A04..04",NA,5,2021
"A04..04",NA,6,2021
"A04..04",1,7,2021
"A04..04",NA,8,2021
"A04..04",NA,9,2021
"A04..04",NA,10,2021
"A04..04",NA,11,2021
"A04..04",NA,12,2021
"A04..04",NA,13,2021
"A04..04",NA,14,2021
"A04..04",NA,15,2021
"A04..04",NA,16,2021
"A04..04",1,17,2021
"A04..04",NA,18,2021
"A04..04",NA,19,2021
"A04..04",NA,20,2021
"A04..04",NA,21,2021
"A04..04",NA,22,2021
"A04..04",NA,23,2021
"A04..04",NA,24,2021
"A04..04",NA,25,2021
"A04..04",NA,26,2021
"A04..04",NA,27,2021
"A04..04",NA,28,2021
"A04..04",NA,29,2021
"A04..04",NA,30,2021
"A04..04",NA,31,2021
"A04..04",NA,32,2021
"A04..04",NA,33,2021
"A04..04",NA,34,2021
"A04..04",NA,35,2021
"A04..04",NA,36,2021
"A04..04",NA,37,2021
"A04..04",2,38,2021
"A04..04",NA,39,2021
"A04..04",NA,40,2021
"A04..04",NA,41,2021
"A04..04",NA,42,2021
"A04..04",NA,43,2021
"A04..04",NA,44,2021
"A04..04",1,45,2021
"A04..04",NA,46,2021
"A04..04",NA,47,2021
"A04..04",NA,48,2021
"A05..05",NA,1,2021
"A05..05",NA,2,2021
"A05..05",NA,3,2021
"A05..05",NA,4,2021
"A05..05",NA,5,2021
"A05..05",NA,6,2021
"A05..05",NA,7,2021
"A05..05",NA,8,2021
"A05..05",NA,9,2021
"A05..05",NA,10,2021
"A05..05",NA,11,2021
"A05..05",NA,12,2021
"A05..05",NA,13,2021
"A05..05",NA,14,2021
"A05..05",NA,15,2021
"A05..05",NA,16,2021
"A05..05",NA,17,2021
"A05..05",NA,18,2021
"A05..05",NA,19,2021
"A05..05",NA,20,2021
"A05..05",NA,21,2021
"A05..05",NA,22,2021
"A05..05",NA,23,2021
"A05..05",NA,24,2021
"A05..05",NA,25,2021
"A05..05",NA,26,2021
"A05..05",NA,27,2021
"A05..05",NA,28,2021
"A05..05",NA,29,2021
"A05..05",NA,30,2021
"A05..05",1,31,2021
"A05..05",NA,32,2021
"A05..05",NA,33,2021
"A05..05",NA,34,2021
"A05..05",NA,35,2021
"A05..05",NA,36,2021
"A05..05",NA,37,2021
"A05..05",NA,38,2021
"A05..05",NA,39,2021
"A05..05",NA,40,2021
"A05..05",NA,41,2021
"A05..05",NA,42,2021
"A05..05",NA,43,2021
"A05..05",NA,44,2021
"A05..05",1,45,2021
"A05..05",1,46,2021
"A05..05",NA,47,2021
"A05..05",NA,48,2021
"A06..06",1,1,2021
"A06..06",NA,2,2021
"A06..06",NA,3,2021
"A06..06",NA,4,2021
"A06..06",NA,5,2021
"A06..06",NA,6,2021
"A06..06",NA,7,2021
"A06..06",NA,8,2021
"A06..06",NA,9,2021
"A06..06",NA,10,2021
"A06..06",NA,11,2021
"A06..06",NA,12,2021
"A06..06",NA,13,2021
"A06..06",NA,14,2021
"A06..06",NA,15,2021
"A06..06",NA,16,2021
"A06..06",NA,17,2021
"A06..06",NA,18,2021
"A06..06",NA,19,2021
"A06..06",NA,20,2021
"A06..06",NA,21,2021
"A06..06",NA,22,2021
"A06..06",NA,23,2021
"A06..06",NA,24,2021
"A06..06",NA,25,2021
"A06..06",NA,26,2021
"A06..06",NA,27,2021
"A06..06",NA,28,2021
"A06..06",NA,29,2021
"A06..06",NA,30,2021
"A06..06",NA,31,2021
"A06..06",NA,32,2021
"A06..06",NA,33,2021
"A06..06",NA,34,2021
"A06..06",NA,35,2021
"A06..06",NA,36,2021
"A06..06",NA,37,2021
"A06..06",NA,38,2021
"A06..06",NA,39,2021
"A06..06",NA,40,2021
"A06..06",NA,41,2021
"A06..06",1,42,2021
"A06..06",NA,43,2021
"A06..06",NA,44,2021
"A06..06",NA,45,2021
"A06..06",NA,46,2021
"A06..06",NA,47,2021
"A06..06",NA,48,2021
"A07..07",NA,1,2021
"A07..07",NA,2,2021
"A07..07",NA,3,2021
"A07..07",NA,4,2021
"A07..07",NA,5,2021
"A07..07",1,6,2021
"A07..07",NA,7,2021
"A07..07",NA,8,2021
"A07..07",NA,9,2021
"A07..07",NA,10,2021
"A07..07",NA,11,2021
"A07..07",NA,12,2021
"A07..07",NA,13,2021
"A07..07",NA,14,2021
"A07..07",NA,15,2021
"A07..07",NA,16,2021
"A07..07",NA,17,2021
"A07..07",NA,18,2021
"A07..07",NA,19,2021
"A07..07",NA,20,2021
"A07..07",NA,21,2021
"A07..07",NA,22,2021
"A07..07",NA,23,2021
"A07..07",NA,24,2021
"A07..07",NA,25,2021
"A07..07",NA,26,2021
"A07..07",NA,27,2021
"A07..07",NA,28,2021
"A07..07",NA,29,2021
"A07..07",NA,30,2021
"A07..07",NA,31,2021
"A07..07",NA,32,2021
"A07..07",NA,33,2021
"A07..07",NA,34,2021
"A07..07",NA,35,2021
"A07..07",NA,36,2021
"A07..07",NA,37,2021
"A07..07",NA,38,2021
"A07..07",NA,39,2021
"A07..07",NA,40,2021
"A07..07",NA,41,2021
"A07..07",NA,42,2021
"A07..07",NA,43,2021
"A07..07",NA,44,2021
"A07..07",NA,45,2021
"A07..07",NA,46,2021
"A07..07",NA,47,2021
"A07..07",NA,48,2021
"A10..10",NA,1,2021
"A10..10",NA,2,2021
"A10..10",NA,3,2021
"A10..10",NA,4,2021
"A10..10",NA,5,2021
"A10..10",NA,6,2021
"A10..10",NA,7,2021
"A10..10",NA,8,2021
"A10..10",NA,9,2021
"A10..10",NA,10,2021
"A10..10",NA,11,2021
"A10..10",NA,12,2021
"A10..10",NA,13,2021
"A10..10",NA,14,2021
"A10..10",NA,15,2021
"A10..10",NA,16,2021
"A10..10",NA,17,2021
"A10..10",NA,18,2021
"A10..10",NA,19,2021
"A10..10",NA,20,2021
"A10..10",NA,21,2021
"A10..10",NA,22,2021
"A10..10",NA,23,2021
"A10..10",NA,24,2021
"A10..10",NA,25,2021
"A10..10",NA,26,2021
"A10..10",NA,27,2021
"A10..10",NA,28,2021
"A10..10",NA,29,2021
"A10..10",NA,30,2021
"A10..10",NA,31,2021
"A10..10",NA,32,2021
"A10..10",NA,33,2021
"A10..10",NA,34,2021
"A10..10",NA,35,2021
"A10..10",NA,36,2021
"A10..10",NA,37,2021
"A10..10",NA,38,2021
"A10..10",NA,39,2021
"A10..10",NA,40,2021
"A10..10",NA,41,2021
"A10..10",NA,42,2021
"A10..10",NA,43,2021
"A10..10",NA,44,2021
"A10..10",NA,45,2021
"A10..10",NA,46,2021
"A10..10",1,47,2021
"A10..10",NA,48,2021
"A11..11",NA,1,2021
"A11..11",NA,2,2021
"A11..11",NA,3,2021
"A11..11",NA,4,2021
"A11..11",NA,5,2021
"A11..11",NA,6,2021
"A11..11",NA,7,2021
"A11..11",NA,8,2021
"A11..11",NA,9,2021
"A11..11",NA,10,2021
"A11..11",NA,11,2021
"A11..11",NA,12,2021
"A11..11",NA,13,2021
"A11..11",NA,14,2021
"A11..11",NA,15,2021
"A11..11",NA,16,2021
"A11..11",NA,17,2021
"A11..11",NA,18,2021
"A11..11",NA,19,2021
"A11..11",NA,20,2021
"A11..11",NA,21,2021
"A11..11",NA,22,2021
"A11..11",NA,23,2021
"A11..11",NA,24,2021
"A11..11",NA,25,2021
"A11..11",NA,26,2021
"A11..11",NA,27,2021
"A11..11",NA,28,2021
"A11..11",NA,29,2021
"A11..11",NA,30,2021
"A11..11",NA,31,2021
"A11..11",NA,32,2021
"A11..11",NA,33,2021
"A11..11",1,34,2021
"A11..11",NA,35,2021
"A11..11",NA,36,2021
"A11..11",NA,37,2021
"A11..11",NA,38,2021
"A11..11",NA,39,2021
"A11..11",NA,40,2021
"A11..11",NA,41,2021
"A11..11",NA,42,2021
"A11..11",NA,43,2021
"A11..11",NA,44,2021
"A11..11",NA,45,2021
"A11..11",NA,46,2021
"A11..11",NA,47,2021
"A11..11",1,48,2021
"A15..15",NA,1,2021
"A15..15",NA,2,2021
"A15..15",NA,3,2021
"A15..15",NA,4,2021
"A15..15",NA,5,2021
"A15..15",NA,6,2021
"A15..15",NA,7,2021
"A15..15",NA,8,2021
"A15..15",NA,9,2021
"A15..15",NA,10,2021
"A15..15",NA,11,2021
"A15..15",NA,12,2021
"A15..15",NA,13,2021
"A15..15",NA,14,2021
"A15..15",NA,15,2021
"A15..15",NA,16,2021
"A15..15",NA,17,2021
"A15..15",NA,18,2021
"A15..15",NA,19,2021
"A15..15",NA,20,2021
"A15..15",NA,21,2021
"A15..15",NA,22,2021
"A15..15",NA,23,2021
"A15..15",NA,24,2021
"A15..15",NA,25,2021
"A15..15",1,26,2021
"A15..15",1,27,2021
"A15..15",NA,28,2021
"A15..15",NA,29,2021
"A15..15",NA,30,2021
"A15..15",NA,31,2021
"A15..15",NA,32,2021
"A15..15",NA,33,2021
"A15..15",NA,34,2021
"A15..15",NA,35,2021
"A15..15",NA,36,2021
"A15..15",NA,37,2021
"A15..15",NA,38,2021
"A15..15",NA,39,2021
"A15..15",NA,40,2021
"A15..15",NA,41,2021
"A15..15",NA,42,2021
"A15..15",NA,43,2021
"A15..15",NA,44,2021
"A15..15",NA,45,2021
"A15..15",NA,46,2021
"A15..15",NA,47,2021
"A15..15",NA,48,2021
"A18..18",NA,1,2021
"A18..18",NA,2,2021
"A18..18",NA,3,2021
"A18..18",NA,4,2021
"A18..18",NA,5,2021
"A18..18",NA,6,2021
"A18..18",NA,7,2021
"A18..18",NA,8,2021
"A18..18",NA,9,2021
"A18..18",NA,10,2021
"A18..18",NA,11,2021
"A18..18",NA,12,2021
"A18..18",NA,13,2021
"A18..18",NA,14,2021
"A18..18",NA,15,2021
"A18..18",NA,16,2021
"A18..18",NA,17,2021
"A18..18",NA,18,2021
"A18..18",NA,19,2021
"A18..18",NA,20,2021
"A18..18",NA,21,2021
"A18..18",NA,22,2021
"A18..18",NA,23,2021
"A18..18",NA,24,2021
"A18..18",NA,25,2021
"A18..18",NA,26,2021
"A18..18",NA,27,2021
"A18..18",NA,28,2021
"A18..18",NA,29,2021
"A18..18",NA,30,2021
"A18..18",NA,31,2021
"A18..18",NA,32,2021
"A18..18",NA,33,2021
"A18..18",NA,34,2021
"A18..18",NA,35,2021
"A18..18",NA,36,2021
"A18..18",NA,37,2021
"A18..18",NA,38,2021
"A18..18",NA,39,2021
"A18..18",NA,40,2021
"A18..18",NA,41,2021
"A18..18",NA,42,2021
"A18..18",NA,43,2021
"A18..18",NA,44,2021
"A18..18",NA,45,2021
"A18..18",1,46,2021
"A18..18",NA,47,2021
"A18..18",NA,48,2021
"A19..19",NA,1,2021
"A19..19",NA,2,2021
"A19..19",NA,3,2021
"A19..19",NA,4,2021
"A19..19",NA,5,2021
"A19..19",NA,6,2021
"A19..19",NA,7,2021
"A19..19",NA,8,2021
"A19..19",NA,9,2021
"A19..19",NA,10,2021
"A19..19",NA,11,2021
"A19..19",NA,12,2021
"A19..19",NA,13,2021
"A19..19",NA,14,2021
"A19..19",NA,15,2021
"A19..19",NA,16,2021
"A19..19",NA,17,2021
"A19..19",NA,18,2021
"A19..19",NA,19,2021
"A19..19",NA,20,2021
"A19..19",NA,21,2021
"A19..19",NA,22,2021
"A19..19",NA,23,2021
"A19..19",NA,24,2021
"A19..19",NA,25,2021
"A19..19",NA,26,2021
"A19..19",NA,27,2021
"A19..19",1,28,2021
"A19..19",NA,29,2021
"A19..19",NA,30,2021
"A19..19",NA,31,2021
"A19..19",NA,32,2021
"A19..19",NA,33,2021
"A19..19",NA,34,2021
"A19..19",NA,35,2021
"A19..19",NA,36,2021
"A19..19",NA,37,2021
"A19..19",NA,38,2021
"A19..19",NA,39,2021
"A19..19",NA,40,2021
"A19..19",NA,41,2021
"A19..19",NA,42,2021
"A19..19",NA,43,2021
"A19..19",NA,44,2021
"A19..19",NA,45,2021
"A19..19",NA,46,2021
"A19..19",NA,47,2021
"A19..19",NA,48,2021
"A21..21",NA,1,2021
"A21..21",NA,2,2021
"A21..21",NA,3,2021
"A21..21",NA,4,2021
"A21..21",NA,5,2021
"A21..21",NA,6,2021
"A21..21",NA,7,2021
"A21..21",NA,8,2021
"A21..21",NA,9,2021
"A21..21",NA,10,2021
"A21..21",NA,11,2021
"A21..21",NA,12,2021
"A21..21",NA,13,2021
"A21..21",NA,14,2021
"A21..21",NA,15,2021
"A21..21",NA,16,2021
"A21..21",NA,17,2021
"A21..21",NA,18,2021
"A21..21",NA,19,2021
"A21..21",NA,20,2021
"A21..21",NA,21,2021
"A21..21",NA,22,2021
"A21..21",NA,23,2021
"A21..21",NA,24,2021
"A21..21",NA,25,2021
"A21..21",NA,26,2021
"A21..21",NA,27,2021
"A21..21",NA,28,2021
"A21..21",NA,29,2021
"A21..21",NA,30,2021
"A21..21",NA,31,2021
"A21..21",NA,32,2021
"A21..21",NA,33,2021
"A21..21",1,34,2021
"A21..21",NA,35,2021
"A21..21",NA,36,2021
"A21..21",NA,37,2021
"A21..21",NA,38,2021
"A21..21",NA,39,2021
"A21..21",NA,40,2021
"A21..21",NA,41,2021
"A21..21",NA,42,2021
"A21..21",NA,43,2021
"A21..21",NA,44,2021
"A21..21",NA,45,2021
"A21..21",NA,46,2021
"A21..21",NA,47,2021
"A21..21",NA,48,2021
"A22..22",NA,1,2021
"A22..22",NA,2,2021
"A22..22",NA,3,2021
"A22..22",NA,4,2021
"A22..22",NA,5,2021
"A22..22",NA,6,2021
"A22..22",NA,7,2021
"A22..22",NA,8,2021
"A22..22",NA,9,2021
"A22..22",NA,10,2021
"A22..22",NA,11,2021
"A22..22",NA,12,2021
"A22..22",NA,13,2021
"A22..22",NA,14,2021
"A22..22",NA,15,2021
"A22..22",NA,16,2021
"A22..22",NA,17,2021
"A22..22",NA,18,2021
"A22..22",NA,19,2021
"A22..22",NA,20,2021
"A22..22",NA,21,2021
"A22..22",NA,22,2021
"A22..22",NA,23,2021
"A22..22",NA,24,2021
"A22..22",NA,25,2021
"A22..22",NA,26,2021
"A22..22",NA,27,2021
"A22..22",NA,28,2021
"A22..22",NA,29,2021
"A22..22",1,30,2021
"A22..22",NA,31,2021
"A22..22",NA,32,2021
"A22..22",NA,33,2021
"A22..22",NA,34,2021
"A22..22",NA,35,2021
"A22..22",NA,36,2021
"A22..22",NA,37,2021
"A22..22",NA,38,2021
"A22..22",NA,39,2021
"A22..22",NA,40,2021
"A22..22",NA,41,2021
"A22..22",NA,42,2021
"A22..22",NA,43,2021
"A22..22",NA,44,2021
"A22..22",NA,45,2021
"A22..22",NA,46,2021
"A22..22",NA,47,2021
"A22..22",NA,48,2021
"A26..26",NA,1,2021
"A26..26",NA,2,2021
"A26..26",1,3,2021
"A26..26",NA,4,2021
"A26..26",NA,5,2021
"A26..26",NA,6,2021
"A26..26",NA,7,2021
"A26..26",NA,8,2021
"A26..26",NA,9,2021
"A26..26",NA,10,2021
"A26..26",NA,11,2021
"A26..26",NA,12,2021
"A26..26",NA,13,2021
"A26..26",NA,14,2021
"A26..26",NA,15,2021
"A26..26",NA,16,2021
"A26..26",NA,17,2021
"A26..26",NA,18,2021
"A26..26",NA,19,2021
"A26..26",NA,20,2021
"A26..26",NA,21,2021
"A26..26",NA,22,2021
"A26..26",NA,23,2021
"A26..26",NA,24,2021
"A26..26",NA,25,2021
"A26..26",NA,26,2021
"A26..26",NA,27,2021
"A26..26",NA,28,2021
"A26..26",1,29,2021
"A26..26",NA,30,2021
"A26..26",NA,31,2021
"A26..26",NA,32,2021
"A26..26",NA,33,2021
"A26..26",NA,34,2021
"A26..26",NA,35,2021
"A26..26",NA,36,2021
"A26..26",NA,37,2021
"A26..26",NA,38,2021
"A26..26",NA,39,2021
"A26..26",NA,40,2021
"A26..26",NA,41,2021
"A26..26",NA,42,2021
"A26..26",NA,43,2021
"A26..26",NA,44,2021
"A26..26",NA,45,2021
"A26..26",1,46,2021
"A26..26",NA,47,2021
"A26..26",NA,48,2021
"A27..27",NA,1,2021
"A27..27",NA,2,2021
"A27..27",NA,3,2021
"A27..27",NA,4,2021
"A27..27",NA,5,2021
"A27..27",NA,6,2021
"A27..27",NA,7,2021
"A27..27",NA,8,2021
"A27..27",NA,9,2021
"A27..27",1,10,2021
"A27..27",NA,11,2021
"A27..27",NA,12,2021
"A27..27",NA,13,2021
"A27..27",NA,14,2021
"A27..27",NA,15,2021
"A27..27",NA,16,2021
"A27..27",NA,17,2021
"A27..27",NA,18,2021
"A27..27",NA,19,2021
"A27..27",NA,20,2021
"A27..27",NA,21,2021
"A27..27",NA,22,2021
"A27..27",NA,23,2021
"A27..27",NA,24,2021
"A27..27",NA,25,2021
"A27..27",NA,26,2021
"A27..27",NA,27,2021
"A27..27",NA,28,2021
"A27..27",NA,29,2021
"A27..27",NA,30,2021
"A27..27",NA,31,2021
"A27..27",NA,32,2021
"A27..27",NA,33,2021
"A27..27",NA,34,2021
"A27..27",NA,35,2021
"A27..27",1,36,2021
"A27..27",NA,37,2021
"A27..27",NA,38,2021
"A27..27",NA,39,2021
"A27..27",NA,40,2021
"A27..27",NA,41,2021
"A27..27",NA,42,2021
"A27..27",NA,43,2021
"A27..27",NA,44,2021
"A27..27",NA,45,2021
"A27..27",1,46,2021
"A27..27",NA,47,2021
"A27..27",NA,48,2021
"A28..28",NA,1,2021
"A28..28",NA,2,2021
"A28..28",NA,3,2021
"A28..28",NA,4,2021
"A28..28",NA,5,2021
"A28..28",NA,6,2021
"A28..28",NA,7,2021
"A28..28",NA,8,2021
"A28..28",NA,9,2021
"A28..28",NA,10,2021
"A28..28",NA,11,2021
"A28..28",NA,12,2021
"A28..28",NA,13,2021
"A28..28",NA,14,2021
"A28..28",NA,15,2021
"A28..28",NA,16,2021
"A28..28",NA,17,2021
"A28..28",NA,18,2021
"A28..28",NA,19,2021
"A28..28",NA,20,2021
"A28..28",NA,21,2021
"A28..28",NA,22,2021
"A28..28",NA,23,2021
"A28..28",NA,24,2021
"A28..28",NA,25,2021
"A28..28",NA,26,2021
"A28..28",NA,27,2021
"A28..28",NA,28,2021
"A28..28",NA,29,2021
"A28..28",NA,30,2021
"A28..28",NA,31,2021
"A28..28",NA,32,2021
"A28..28",NA,33,2021
"A28..28",NA,34,2021
"A28..28",NA,35,2021
"A28..28",NA,36,2021
"A28..28",NA,37,2021
"A28..28",NA,38,2021
"A28..28",NA,39,2021
"A28..28",NA,40,2021
"A28..28",NA,41,2021
"A28..28",NA,42,2021
"A28..28",NA,43,2021
"A28..28",NA,44,2021
"A28..28",NA,45,2021
"A28..28",NA,46,2021
"A28..28",NA,47,2021
"A28..28",1,48,2021
"A29..29",NA,1,2021
"A29..29",NA,2,2021
"A29..29",NA,3,2021
"A29..29",NA,4,2021
"A29..29",NA,5,2021
"A29..29",NA,6,2021
"A29..29",NA,7,2021
"A29..29",NA,8,2021
"A29..29",NA,9,2021
"A29..29",NA,10,2021
"A29..29",NA,11,2021
"A29..29",NA,12,2021
"A29..29",NA,13,2021
"A29..29",NA,14,2021
"A29..29",NA,15,2021
"A29..29",NA,16,2021
"A29..29",NA,17,2021
"A29..29",NA,18,2021
"A29..29",NA,19,2021
"A29..29",NA,20,2021
"A29..29",NA,21,2021
"A29..29",NA,22,2021
"A29..29",NA,23,2021
"A29..29",NA,24,2021
"A29..29",NA,25,2021
"A29..29",NA,26,2021
"A29..29",NA,27,2021
"A29..29",1,28,2021
"A29..29",NA,29,2021
"A29..29",NA,30,2021
"A29..29",NA,31,2021
"A29..29",NA,32,2021
"A29..29",NA,33,2021
"A29..29",NA,34,2021
"A29..29",NA,35,2021
"A29..29",NA,36,2021
"A29..29",NA,37,2021
"A29..29",1,38,2021
"A29..29",NA,39,2021
"A29..29",NA,40,2021
"A29..29",NA,41,2021
"A29..29",1,42,2021
"A29..29",NA,43,2021
"A29..29",NA,44,2021
"A29..29",NA,45,2021
"A29..29",NA,46,2021
"A29..29",NA,47,2021
"A29..29",NA,48,2021
"A30..30",NA,1,2021
"A30..30",NA,2,2021
"A30..30",NA,3,2021
"A30..30",NA,4,2021
"A30..30",NA,5,2021
"A30..30",NA,6,2021
"A30..30",NA,7,2021
"A30..30",NA,8,2021
"A30..30",NA,9,2021
"A30..30",NA,10,2021
"A30..30",NA,11,2021
"A30..30",NA,12,2021
"A30..30",NA,13,2021
"A30..30",NA,14,2021
"A30..30",NA,15,2021
"A30..30",NA,16,2021
"A30..30",NA,17,2021
"A30..30",NA,18,2021
"A30..30",NA,19,2021
"A30..30",NA,20,2021
"A30..30",NA,21,2021
"A30..30",NA,22,2021
"A30..30",NA,23,2021
"A30..30",NA,24,2021
"A30..30",NA,25,2021
"A30..30",NA,26,2021
"A30..30",NA,27,2021
"A30..30",NA,28,2021
"A30..30",NA,29,2021
"A30..30",NA,30,2021
"A30..30",NA,31,2021
"A30..30",NA,32,2021
"A30..30",NA,33,2021
"A30..30",NA,34,2021
"A30..30",NA,35,2021
"A30..30",NA,36,2021
"A30..30",NA,37,2021
"A30..30",NA,38,2021
"A30..30",NA,39,2021
"A30..30",NA,40,2021
"A30..30",NA,41,2021
"A30..30",NA,42,2021
"A30..30",NA,43,2021
"A30..30",NA,44,2021
"A30..30",NA,45,2021
"A30..30",NA,46,2021
"A30..30",1,47,2021
"A30..30",NA,48,2021
"A31..31",NA,1,2021
"A31..31",NA,2,2021
"A31..31",NA,3,2021
"A31..31",NA,4,2021
"A31..31",NA,5,2021
"A31..31",NA,6,2021
"A31..31",NA,7,2021
"A31..31",NA,8,2021
"A31..31",NA,9,2021
"A31..31",NA,10,2021
"A31..31",NA,11,2021
"A31..31",NA,12,2021
"A31..31",NA,13,2021
"A31..31",NA,14,2021
"A31..31",NA,15,2021
"A31..31",NA,16,2021
"A31..31",NA,17,2021
"A31..31",1,18,2021
"A31..31",NA,19,2021
"A31..31",NA,20,2021
"A31..31",NA,21,2021
"A31..31",NA,22,2021
"A31..31",NA,23,2021
"A31..31",NA,24,2021
"A31..31",NA,25,2021
"A31..31",NA,26,2021
"A31..31",NA,27,2021
"A31..31",NA,28,2021
"A31..31",NA,29,2021
"A31..31",NA,30,2021
"A31..31",NA,31,2021
"A31..31",NA,32,2021
"A31..31",NA,33,2021
"A31..31",NA,34,2021
"A31..31",NA,35,2021
"A31..31",NA,36,2021
"A31..31",NA,37,2021
"A31..31",1,38,2021
"A31..31",NA,39,2021
"A31..31",NA,40,2021
"A31..31",NA,41,2021
"A31..31",NA,42,2021
"A31..31",NA,43,2021
"A31..31",NA,44,2021
"A31..31",NA,45,2021
"A31..31",NA,46,2021
"A31..31",NA,47,2021
"A31..31",NA,48,2021
"A32..32",NA,1,2021
"A32..32",NA,2,2021
"A32..32",NA,3,2021
"A32..32",NA,4,2021
"A32..32",NA,5,2021
"A32..32",NA,6,2021
"A32..32",NA,7,2021
"A32..32",NA,8,2021
"A32..32",NA,9,2021
"A32..32",NA,10,2021
"A32..32",NA,11,2021
"A32..32",NA,12,2021
"A32..32",NA,13,2021
"A32..32",NA,14,2021
"A32..32",NA,15,2021
"A32..32",NA,16,2021
"A32..32",NA,17,2021
"A32..32",NA,18,2021
"A32..32",NA,19,2021
"A32..32",NA,20,2021
"A32..32",NA,21,2021
"A32..32",NA,22,2021
"A32..32",NA,23,2021
"A32..32",NA,24,2021
"A32..32",NA,25,2021
"A32..32",NA,26,2021
"A32..32",NA,27,2021
"A32..32",NA,28,2021
"A32..32",1,29,2021
"A32..32",NA,30,2021
"A32..32",NA,31,2021
"A32..32",NA,32,2021
"A32..32",NA,33,2021
"A32..32",NA,34,2021
"A32..32",NA,35,2021
"A32..32",NA,36,2021
"A32..32",NA,37,2021
"A32..32",NA,38,2021
"A32..32",2,39,2021
"A32..32",1,40,2021
"A32..32",NA,41,2021
"A32..32",NA,42,2021
"A32..32",NA,43,2021
"A32..32",NA,44,2021
"A32..32",NA,45,2021
"A32..32",NA,46,2021
"A32..32",NA,47,2021
"A32..32",NA,48,2021
"A33..33",NA,1,2021
"A33..33",NA,2,2021
"A33..33",NA,3,2021
"A33..33",NA,4,2021
"A33..33",NA,5,2021
"A33..33",NA,6,2021
"A33..33",NA,7,2021
"A33..33",NA,8,2021
"A33..33",NA,9,2021
"A33..33",NA,10,2021
"A33..33",1,11,2021
"A33..33",NA,12,2021
"A33..33",NA,13,2021
"A33..33",NA,14,2021
"A33..33",NA,15,2021
"A33..33",NA,16,2021
"A33..33",NA,17,2021
"A33..33",NA,18,2021
"A33..33",NA,19,2021
"A33..33",NA,20,2021
"A33..33",NA,21,2021
"A33..33",NA,22,2021
"A33..33",NA,23,2021
"A33..33",NA,24,2021
"A33..33",NA,25,2021
"A33..33",NA,26,2021
"A33..33",NA,27,2021
"A33..33",NA,28,2021
"A33..33",NA,29,2021
"A33..33",NA,30,2021
"A33..33",NA,31,2021
"A33..33",NA,32,2021
"A33..33",2,33,2021
"A33..33",NA,34,2021
"A33..33",NA,35,2021
"A33..33",NA,36,2021
"A33..33",1,37,2021
"A33..33",NA,38,2021
"A33..33",NA,39,2021
"A33..33",NA,40,2021
"A33..33",NA,41,2021
"A33..33",1,42,2021
"A33..33",NA,43,2021
"A33..33",1,44,2021
"A33..33",NA,45,2021
"A33..33",1,46,2021
"A33..33",NA,47,2021
"A33..33",NA,48,2021
"A34..34",NA,1,2021
"A34..34",NA,2,2021
"A34..34",NA,3,2021
"A34..34",NA,4,2021
"A34..34",NA,5,2021
"A34..34",NA,6,2021
"A34..34",NA,7,2021
"A34..34",NA,8,2021
"A34..34",NA,9,2021
"A34..34",NA,10,2021
"A34..34",NA,11,2021
"A34..34",NA,12,2021
"A34..34",NA,13,2021
"A34..34",NA,14,2021
"A34..34",NA,15,2021
"A34..34",NA,16,2021
"A34..34",NA,17,2021
"A34..34",NA,18,2021
"A34..34",NA,19,2021
"A34..34",NA,20,2021
"A34..34",NA,21,2021
"A34..34",NA,22,2021
"A34..34",NA,23,2021
"A34..34",NA,24,2021
"A34..34",NA,25,2021
"A34..34",NA,26,2021
"A34..34",1,27,2021
"A34..34",NA,28,2021
"A34..34",NA,29,2021
"A34..34",NA,30,2021
"A34..34",NA,31,2021
"A34..34",NA,32,2021
"A34..34",NA,33,2021
"A34..34",NA,34,2021
"A34..34",NA,35,2021
"A34..34",NA,36,2021
"A34..34",NA,37,2021
"A34..34",NA,38,2021
"A34..34",NA,39,2021
"A34..34",1,40,2021
"A34..34",NA,41,2021
"A34..34",NA,42,2021
"A34..34",2,43,2021
"A34..34",NA,44,2021
"A34..34",1,45,2021
"A34..34",NA,46,2021
"A34..34",NA,47,2021
"A34..34",NA,48,2021
"A35..35",NA,1,2021
"A35..35",NA,2,2021
"A35..35",NA,3,2021
"A35..35",NA,4,2021
"A35..35",NA,5,2021
"A35..35",NA,6,2021
"A35..35",NA,7,2021
"A35..35",NA,8,2021
"A35..35",NA,9,2021
"A35..35",NA,10,2021
"A35..35",NA,11,2021
"A35..35",NA,12,2021
"A35..35",NA,13,2021
"A35..35",NA,14,2021
"A35..35",NA,15,2021
"A35..35",NA,16,2021
"A35..35",NA,17,2021
"A35..35",NA,18,2021
"A35..35",NA,19,2021
"A35..35",NA,20,2021
"A35..35",NA,21,2021
"A35..35",NA,22,2021
"A35..35",NA,23,2021
"A35..35",NA,24,2021
"A35..35",NA,25,2021
"A35..35",NA,26,2021
"A35..35",NA,27,2021
"A35..35",NA,28,2021
"A35..35",NA,29,2021
"A35..35",NA,30,2021
"A35..35",1,31,2021
"A35..35",NA,32,2021
"A35..35",NA,33,2021
"A35..35",NA,34,2021
"A35..35",NA,35,2021
"A35..35",NA,36,2021
"A35..35",NA,37,2021
"A35..35",NA,38,2021
"A35..35",NA,39,2021
"A35..35",NA,40,2021
"A35..35",NA,41,2021
"A35..35",NA,42,2021
"A35..35",1,43,2021
"A35..35",NA,44,2021
"A35..35",NA,45,2021
"A35..35",NA,46,2021
"A35..35",NA,47,2021
"A35..35",NA,48,2021
"A36..36",NA,1,2021
"A36..36",NA,2,2021
"A36..36",NA,3,2021
"A36..36",NA,4,2021
"A36..36",NA,5,2021
"A36..36",NA,6,2021
"A36..36",NA,7,2021
"A36..36",NA,8,2021
"A36..36",NA,9,2021
"A36..36",NA,10,2021
"A36..36",NA,11,2021
"A36..36",NA,12,2021
"A36..36",NA,13,2021
"A36..36",NA,14,2021
"A36..36",NA,15,2021
"A36..36",NA,16,2021
"A36..36",NA,17,2021
"A36..36",NA,18,2021
"A36..36",NA,19,2021
"A36..36",NA,20,2021
"A36..36",NA,21,2021
"A36..36",NA,22,2021
"A36..36",NA,23,2021
"A36..36",NA,24,2021
"A36..36",NA,25,2021
"A36..36",NA,26,2021
"A36..36",NA,27,2021
"A36..36",NA,28,2021
"A36..36",NA,29,2021
"A36..36",NA,30,2021
"A36..36",NA,31,2021
"A36..36",NA,32,2021
"A36..36",NA,33,2021
"A36..36",NA,34,2021
"A36..36",NA,35,2021
"A36..36",NA,36,2021
"A36..36",1,37,2021
"A36..36",NA,38,2021
"A36..36",NA,39,2021
"A36..36",NA,40,2021
"A36..36",NA,41,2021
"A36..36",NA,42,2021
"A36..36",NA,43,2021
"A36..36",NA,44,2021
"A36..36",NA,45,2021
"A36..36",NA,46,2021
"A36..36",NA,47,2021
"A36..36",NA,48,2021
"A37..37",NA,1,2021
"A37..37",NA,2,2021
"A37..37",NA,3,2021
"A37..37",NA,4,2021
"A37..37",NA,5,2021
"A37..37",NA,6,2021
"A37..37",NA,7,2021
"A37..37",NA,8,2021
"A37..37",NA,9,2021
"A37..37",NA,10,2021
"A37..37",NA,11,2021
"A37..37",NA,12,2021
"A37..37",NA,13,2021
"A37..37",NA,14,2021
"A37..37",NA,15,2021
"A37..37",NA,16,2021
"A37..37",NA,17,2021
"A37..37",NA,18,2021
"A37..37",NA,19,2021
"A37..37",NA,20,2021
"A37..37",NA,21,2021
"A37..37",NA,22,2021
"A37..37",NA,23,2021
"A37..37",NA,24,2021
"A37..37",1,25,2021
"A37..37",NA,26,2021
"A37..37",NA,27,2021
"A37..37",NA,28,2021
"A37..37",NA,29,2021
"A37..37",NA,30,2021
"A37..37",NA,31,2021
"A37..37",1,32,2021
"A37..37",NA,33,2021
"A37..37",NA,34,2021
"A37..37",NA,35,2021
"A37..37",NA,36,2021
"A37..37",2,37,2021
"A37..37",NA,38,2021
"A37..37",NA,39,2021
"A37..37",1,40,2021
"A37..37",NA,41,2021
"A37..37",NA,42,2021
"A37..37",NA,43,2021
"A37..37",NA,44,2021
"A37..37",NA,45,2021
"A37..37",NA,46,2021
"A37..37",NA,47,2021
"A37..37",NA,48,2021
"A38..38",NA,1,2021
"A38..38",NA,2,2021
"A38..38",1,3,2021
"A38..38",NA,4,2021
"A38..38",NA,5,2021
"A38..38",NA,6,2021
"A38..38",NA,7,2021
"A38..38",NA,8,2021
"A38..38",NA,9,2021
"A38..38",NA,10,2021
"A38..38",NA,11,2021
"A38..38",NA,12,2021
"A38..38",NA,13,2021
"A38..38",NA,14,2021
"A38..38",NA,15,2021
"A38..38",NA,16,2021
"A38..38",NA,17,2021
"A38..38",NA,18,2021
"A38..38",NA,19,2021
"A38..38",NA,20,2021
"A38..38",NA,21,2021
"A38..38",NA,22,2021
"A38..38",NA,23,2021
"A38..38",NA,24,2021
"A38..38",NA,25,2021
"A38..38",NA,26,2021
"A38..38",NA,27,2021
"A38..38",NA,28,2021
"A38..38",NA,29,2021
"A38..38",NA,30,2021
"A38..38",NA,31,2021
"A38..38",NA,32,2021
"A38..38",NA,33,2021
"A38..38",NA,34,2021
"A38..38",NA,35,2021
"A38..38",NA,36,2021
"A38..38",1,37,2021
"A38..38",NA,38,2021
"A38..38",NA,39,2021
"A38..38",1,40,2021
"A38..38",NA,41,2021
"A38..38",NA,42,2021
"A38..38",NA,43,2021
"A38..38",1,44,2021
"A38..38",NA,45,2021
"A38..38",NA,46,2021
"A38..38",NA,47,2021
"A38..38",NA,48,2021
"A39..39",NA,1,2021
"A39..39",1,2,2021
"A39..39",NA,3,2021
"A39..39",NA,4,2021
"A39..39",NA,5,2021
"A39..39",NA,6,2021
"A39..39",1,7,2021
"A39..39",NA,8,2021
"A39..39",NA,9,2021
"A39..39",NA,10,2021
"A39..39",NA,11,2021
"A39..39",NA,12,2021
"A39..39",NA,13,2021
"A39..39",NA,14,2021
"A39..39",NA,15,2021
"A39..39",NA,16,2021
"A39..39",NA,17,2021
"A39..39",NA,18,2021
"A39..39",NA,19,2021
"A39..39",NA,20,2021
"A39..39",NA,21,2021
"A39..39",NA,22,2021
"A39..39",NA,23,2021
"A39..39",NA,24,2021
"A39..39",NA,25,2021
"A39..39",NA,26,2021
"A39..39",NA,27,2021
"A39..39",NA,28,2021
"A39..39",NA,29,2021
"A39..39",NA,30,2021
"A39..39",NA,31,2021
"A39..39",NA,32,2021
"A39..39",NA,33,2021
"A39..39",1,34,2021
"A39..39",NA,35,2021
"A39..39",NA,36,2021
"A39..39",NA,37,2021
"A39..39",NA,38,2021
"A39..39",NA,39,2021
"A39..39",NA,40,2021
"A39..39",NA,41,2021
"A39..39",1,42,2021
"A39..39",1,43,2021
"A39..39",NA,44,2021
"A39..39",NA,45,2021
"A39..39",1,46,2021
"A39..39",NA,47,2021
"A39..39",NA,48,2021
"A40..40",NA,1,2021
"A40..40",NA,2,2021
"A40..40",NA,3,2021
"A40..40",NA,4,2021
"A40..40",NA,5,2021
"A40..40",NA,6,2021
"A40..40",NA,7,2021
"A40..40",NA,8,2021
"A40..40",NA,9,2021
"A40..40",NA,10,2021
"A40..40",NA,11,2021
"A40..40",NA,12,2021
"A40..40",NA,13,2021
"A40..40",NA,14,2021
"A40..40",NA,15,2021
"A40..40",NA,16,2021
"A40..40",NA,17,2021
"A40..40",NA,18,2021
"A40..40",NA,19,2021
"A40..40",NA,20,2021
"A40..40",NA,21,2021
"A40..40",NA,22,2021
"A40..40",NA,23,2021
"A40..40",NA,24,2021
"A40..40",NA,25,2021
"A40..40",NA,26,2021
"A40..40",NA,27,2021
"A40..40",NA,28,2021
"A40..40",NA,29,2021
"A40..40",NA,30,2021
"A40..40",NA,31,2021
"A40..40",NA,32,2021
"A40..40",NA,33,2021
"A40..40",NA,34,2021
"A40..40",NA,35,2021
"A40..40",NA,36,2021
"A40..40",NA,37,2021
"A40..40",NA,38,2021
"A40..40",1,39,2021
"A40..40",NA,40,2021
"A40..40",NA,41,2021
"A40..40",NA,42,2021
"A40..40",NA,43,2021
"A40..40",1,44,2021
"A40..40",1,45,2021
"A40..40",NA,46,2021
"A40..40",NA,47,2021
"A40..40",NA,48,2021
"A41..41",NA,1,2021
"A41..41",NA,2,2021
"A41..41",NA,3,2021
"A41..41",NA,4,2021
"A41..41",NA,5,2021
"A41..41",NA,6,2021
"A41..41",NA,7,2021
"A41..41",NA,8,2021
"A41..41",NA,9,2021
"A41..41",2,10,2021
"A41..41",NA,11,2021
"A41..41",1,12,2021
"A41..41",NA,13,2021
"A41..41",NA,14,2021
"A41..41",NA,15,2021
"A41..41",NA,16,2021
"A41..41",NA,17,2021
"A41..41",NA,18,2021
"A41..41",NA,19,2021
"A41..41",NA,20,2021
"A41..41",NA,21,2021
"A41..41",NA,22,2021
"A41..41",NA,23,2021
"A41..41",NA,24,2021
"A41..41",NA,25,2021
"A41..41",NA,26,2021
"A41..41",NA,27,2021
"A41..41",NA,28,2021
"A41..41",NA,29,2021
"A41..41",NA,30,2021
"A41..41",NA,31,2021
"A41..41",NA,32,2021
"A41..41",NA,33,2021
"A41..41",NA,34,2021
"A41..41",NA,35,2021
"A41..41",NA,36,2021
"A41..41",NA,37,2021
"A41..41",NA,38,2021
"A41..41",NA,39,2021
"A41..41",NA,40,2021
"A41..41",1,41,2021
"A41..41",NA,42,2021
"A41..41",NA,43,2021
"A41..41",NA,44,2021
"A41..41",NA,45,2021
"A41..41",NA,46,2021
"A41..41",NA,47,2021
"A41..41",NA,48,2021
"A42..42",NA,1,2021
"A42..42",1,2,2021
"A42..42",NA,3,2021
"A42..42",1,4,2021
"A42..42",NA,5,2021
"A42..42",NA,6,2021
"A42..42",NA,7,2021
"A42..42",NA,8,2021
"A42..42",NA,9,2021
"A42..42",NA,10,2021
"A42..42",NA,11,2021
"A42..42",NA,12,2021
"A42..42",NA,13,2021
"A42..42",NA,14,2021
"A42..42",NA,15,2021
"A42..42",NA,16,2021
"A42..42",NA,17,2021
"A42..42",NA,18,2021
"A42..42",NA,19,2021
"A42..42",NA,20,2021
"A42..42",NA,21,2021
"A42..42",NA,22,2021
"A42..42",NA,23,2021
"A42..42",NA,24,2021
"A42..42",NA,25,2021
"A42..42",1,26,2021
"A42..42",NA,27,2021
"A42..42",NA,28,2021
"A42..42",NA,29,2021
"A42..42",NA,30,2021
"A42..42",1,31,2021
"A42..42",NA,32,2021
"A42..42",NA,33,2021
"A42..42",NA,34,2021
"A42..42",NA,35,2021
"A42..42",NA,36,2021
"A42..42",1,37,2021
"A42..42",NA,38,2021
"A42..42",NA,39,2021
"A42..42",NA,40,2021
"A42..42",NA,41,2021
"A42..42",NA,42,2021
"A42..42",NA,43,2021
"A42..42",NA,44,2021
"A42..42",NA,45,2021
"A42..42",NA,46,2021
"A42..42",NA,47,2021
"A42..42",1,48,2021
"A43..43",NA,1,2021
"A43..43",NA,2,2021
"A43..43",NA,3,2021
"A43..43",NA,4,2021
"A43..43",NA,5,2021
"A43..43",NA,6,2021
"A43..43",NA,7,2021
"A43..43",NA,8,2021
"A43..43",NA,9,2021
"A43..43",NA,10,2021
"A43..43",NA,11,2021
"A43..43",NA,12,2021
"A43..43",NA,13,2021
"A43..43",NA,14,2021
"A43..43",NA,15,2021
"A43..43",NA,16,2021
"A43..43",NA,17,2021
"A43..43",NA,18,2021
"A43..43",NA,19,2021
"A43..43",NA,20,2021
"A43..43",NA,21,2021
"A43..43",NA,22,2021
"A43..43",NA,23,2021
"A43..43",NA,24,2021
"A43..43",NA,25,2021
"A43..43",NA,26,2021
"A43..43",NA,27,2021
"A43..43",NA,28,2021
"A43..43",NA,29,2021
"A43..43",NA,30,2021
"A43..43",NA,31,2021
"A43..43",NA,32,2021
"A43..43",NA,33,2021
"A43..43",NA,34,2021
"A43..43",NA,35,2021
"A43..43",NA,36,2021
"A43..43",NA,37,2021
"A43..43",1,38,2021
"A43..43",NA,39,2021
"A43..43",NA,40,2021
"A43..43",NA,41,2021
"A43..43",1,42,2021
"A43..43",NA,43,2021
"A43..43",NA,44,2021
"A43..43",1,45,2021
"A43..43",NA,46,2021
"A43..43",NA,47,2021
"A43..43",NA,48,2021
"A44..44",NA,1,2021
"A44..44",NA,2,2021
"A44..44",NA,3,2021
"A44..44",1,4,2021
"A44..44",NA,5,2021
"A44..44",NA,6,2021
"A44..44",NA,7,2021
"A44..44",NA,8,2021
"A44..44",NA,9,2021
"A44..44",NA,10,2021
"A44..44",NA,11,2021
"A44..44",NA,12,2021
"A44..44",NA,13,2021
"A44..44",NA,14,2021
"A44..44",NA,15,2021
"A44..44",NA,16,2021
"A44..44",NA,17,2021
"A44..44",NA,18,2021
"A44..44",NA,19,2021
"A44..44",NA,20,2021
"A44..44",NA,21,2021
"A44..44",NA,22,2021
"A44..44",NA,23,2021
"A44..44",1,24,2021
"A44..44",NA,25,2021
"A44..44",1,26,2021
"A44..44",NA,27,2021
"A44..44",NA,28,2021
"A44..44",1,29,2021
"A44..44",NA,30,2021
"A44..44",NA,31,2021
"A44..44",NA,32,2021
"A44..44",NA,33,2021
"A44..44",NA,34,2021
"A44..44",NA,35,2021
"A44..44",NA,36,2021
"A44..44",NA,37,2021
"A44..44",1,38,2021
"A44..44",1,39,2021
"A44..44",NA,40,2021
"A44..44",NA,41,2021
"A44..44",NA,42,2021
"A44..44",NA,43,2021
"A44..44",NA,44,2021
"A44..44",NA,45,2021
"A44..44",NA,46,2021
"A44..44",NA,47,2021
"A44..44",NA,48,2021
"A45..45",NA,1,2021
"A45..45",NA,2,2021
"A45..45",NA,3,2021
"A45..45",NA,4,2021
"A45..45",NA,5,2021
"A45..45",NA,6,2021
"A45..45",NA,7,2021
"A45..45",NA,8,2021
"A45..45",NA,9,2021
"A45..45",NA,10,2021
"A45..45",NA,11,2021
"A45..45",NA,12,2021
"A45..45",NA,13,2021
"A45..45",NA,14,2021
"A45..45",NA,15,2021
"A45..45",NA,16,2021
"A45..45",1,17,2021
"A45..45",NA,18,2021
"A45..45",NA,19,2021
"A45..45",NA,20,2021
"A45..45",NA,21,2021
"A45..45",NA,22,2021
"A45..45",NA,23,2021
"A45..45",NA,24,2021
"A45..45",NA,25,2021
"A45..45",NA,26,2021
"A45..45",NA,27,2021
"A45..45",NA,28,2021
"A45..45",NA,29,2021
"A45..45",1,30,2021
"A45..45",NA,31,2021
"A45..45",1,32,2021
"A45..45",NA,33,2021
"A45..45",NA,34,2021
"A45..45",NA,35,2021
"A45..45",NA,36,2021
"A45..45",NA,37,2021
"A45..45",NA,38,2021
"A45..45",NA,39,2021
"A45..45",NA,40,2021
"A45..45",1,41,2021
"A45..45",NA,42,2021
"A45..45",NA,43,2021
"A45..45",NA,44,2021
"A45..45",NA,45,2021
"A45..45",1,46,2021
"A45..45",NA,47,2021
"A45..45",NA,48,2021
"A46..46",NA,1,2021
"A46..46",NA,2,2021
"A46..46",NA,3,2021
"A46..46",NA,4,2021
"A46..46",NA,5,2021
"A46..46",1,6,2021
"A46..46",NA,7,2021
"A46..46",NA,8,2021
"A46..46",NA,9,2021
"A46..46",NA,10,2021
"A46..46",NA,11,2021
"A46..46",NA,12,2021
"A46..46",NA,13,2021
"A46..46",NA,14,2021
"A46..46",NA,15,2021
"A46..46",NA,16,2021
"A46..46",NA,17,2021
"A46..46",1,18,2021
"A46..46",NA,19,2021
"A46..46",NA,20,2021
"A46..46",NA,21,2021
"A46..46",NA,22,2021
"A46..46",NA,23,2021
"A46..46",1,24,2021
"A46..46",NA,25,2021
"A46..46",NA,26,2021
"A46..46",NA,27,2021
"A46..46",NA,28,2021
"A46..46",NA,29,2021
"A46..46",NA,30,2021
"A46..46",NA,31,2021
"A46..46",NA,32,2021
"A46..46",NA,33,2021
"A46..46",NA,34,2021
"A46..46",NA,35,2021
"A46..46",NA,36,2021
"A46..46",NA,37,2021
"A46..46",2,38,2021
"A46..46",NA,39,2021
"A46..46",NA,40,2021
"A46..46",NA,41,2021
"A46..46",1,42,2021
"A46..46",1,43,2021
"A46..46",1,44,2021
"A46..46",NA,45,2021
"A46..46",NA,46,2021
"A46..46",1,47,2021
"A46..46",NA,48,2021
"A47..47",NA,1,2021
"A47..47",NA,2,2021
"A47..47",NA,3,2021
"A47..47",NA,4,2021
"A47..47",NA,5,2021
"A47..47",NA,6,2021
"A47..47",NA,7,2021
"A47..47",NA,8,2021
"A47..47",NA,9,2021
"A47..47",NA,10,2021
"A47..47",NA,11,2021
"A47..47",NA,12,2021
"A47..47",NA,13,2021
"A47..47",NA,14,2021
"A47..47",NA,15,2021
"A47..47",1,16,2021
"A47..47",NA,17,2021
"A47..47",NA,18,2021
"A47..47",NA,19,2021
"A47..47",NA,20,2021
"A47..47",NA,21,2021
"A47..47",NA,22,2021
"A47..47",NA,23,2021
"A47..47",NA,24,2021
"A47..47",1,25,2021
"A47..47",NA,26,2021
"A47..47",NA,27,2021
"A47..47",NA,28,2021
"A47..47",NA,29,2021
"A47..47",1,30,2021
"A47..47",NA,31,2021
"A47..47",NA,32,2021
"A47..47",NA,33,2021
"A47..47",NA,34,2021
"A47..47",NA,35,2021
"A47..47",NA,36,2021
"A47..47",NA,37,2021
"A47..47",NA,38,2021
"A47..47",1,39,2021
"A47..47",NA,40,2021
"A47..47",1,41,2021
"A47..47",NA,42,2021
"A47..47",NA,43,2021
"A47..47",NA,44,2021
"A47..47",NA,45,2021
"A47..47",NA,46,2021
"A47..47",NA,47,2021
"A47..47",NA,48,2021
"A48..48",NA,1,2021
"A48..48",NA,2,2021
"A48..48",NA,3,2021
"A48..48",NA,4,2021
"A48..48",NA,5,2021
"A48..48",NA,6,2021
"A48..48",1,7,2021
"A48..48",NA,8,2021
"A48..48",NA,9,2021
"A48..48",NA,10,2021
"A48..48",NA,11,2021
"A48..48",NA,12,2021
"A48..48",NA,13,2021
"A48..48",NA,14,2021
"A48..48",NA,15,2021
"A48..48",NA,16,2021
"A48..48",NA,17,2021
"A48..48",NA,18,2021
"A48..48",NA,19,2021
"A48..48",NA,20,2021
"A48..48",NA,21,2021
"A48..48",NA,22,2021
"A48..48",NA,23,2021
"A48..48",NA,24,2021
"A48..48",1,25,2021
"A48..48",NA,26,2021
"A48..48",NA,27,2021
"A48..48",1,28,2021
"A48..48",NA,29,2021
"A48..48",NA,30,2021
"A48..48",NA,31,2021
"A48..48",NA,32,2021
"A48..48",NA,33,2021
"A48..48",NA,34,2021
"A48..48",NA,35,2021
"A48..48",NA,36,2021
"A48..48",NA,37,2021
"A48..48",NA,38,2021
"A48..48",NA,39,2021
"A48..48",NA,40,2021
"A48..48",NA,41,2021
"A48..48",NA,42,2021
"A48..48",1,43,2021
"A48..48",NA,44,2021
"A48..48",NA,45,2021
"A48..48",1,46,2021
"A48..48",NA,47,2021
"A48..48",1,48,2021
"A49..49",NA,1,2021
"A49..49",NA,2,2021
"A49..49",NA,3,2021
"A49..49",NA,4,2021
"A49..49",NA,5,2021
"A49..49",NA,6,2021
"A49..49",NA,7,2021
"A49..49",NA,8,2021
"A49..49",NA,9,2021
"A49..49",NA,10,2021
"A49..49",1,11,2021
"A49..49",NA,12,2021
"A49..49",NA,13,2021
"A49..49",1,14,2021
"A49..49",NA,15,2021
"A49..49",NA,16,2021
"A49..49",NA,17,2021
"A49..49",NA,18,2021
"A49..49",NA,19,2021
"A49..49",NA,20,2021
"A49..49",NA,21,2021
"A49..49",NA,22,2021
"A49..49",NA,23,2021
"A49..49",NA,24,2021
"A49..49",NA,25,2021
"A49..49",NA,26,2021
"A49..49",NA,27,2021
"A49..49",1,28,2021
"A49..49",NA,29,2021
"A49..49",NA,30,2021
"A49..49",NA,31,2021
"A49..49",NA,32,2021
"A49..49",NA,33,2021
"A49..49",NA,34,2021
"A49..49",NA,35,2021
"A49..49",NA,36,2021
"A49..49",NA,37,2021
"A49..49",NA,38,2021
"A49..49",1,39,2021
"A49..49",NA,40,2021
"A49..49",NA,41,2021
"A49..49",NA,42,2021
"A49..49",NA,43,2021
"A49..49",NA,44,2021
"A49..49",1,45,2021
"A49..49",1,46,2021
"A49..49",1,47,2021
"A49..49",NA,48,2021
"A50..50",2,1,2021
"A50..50",NA,2,2021
"A50..50",NA,3,2021
"A50..50",NA,4,2021
"A50..50",NA,5,2021
"A50..50",NA,6,2021
"A50..50",NA,7,2021
"A50..50",1,8,2021
"A50..50",NA,9,2021
"A50..50",NA,10,2021
"A50..50",NA,11,2021
"A50..50",1,12,2021
"A50..50",NA,13,2021
"A50..50",NA,14,2021
"A50..50",NA,15,2021
"A50..50",NA,16,2021
"A50..50",NA,17,2021
"A50..50",NA,18,2021
"A50..50",NA,19,2021
"A50..50",NA,20,2021
"A50..50",NA,21,2021
"A50..50",NA,22,2021
"A50..50",3,23,2021
"A50..50",NA,24,2021
"A50..50",NA,25,2021
"A50..50",NA,26,2021
"A50..50",NA,27,2021
"A50..50",NA,28,2021
"A50..50",NA,29,2021
"A50..50",NA,30,2021
"A50..50",1,31,2021
"A50..50",NA,32,2021
"A50..50",NA,33,2021
"A50..50",NA,34,2021
"A50..50",NA,35,2021
"A50..50",NA,36,2021
"A50..50",NA,37,2021
"A50..50",NA,38,2021
"A50..50",NA,39,2021
"A50..50",NA,40,2021
"A50..50",1,41,2021
"A50..50",NA,42,2021
"A50..50",NA,43,2021
"A50..50",NA,44,2021
"A50..50",1,45,2021
"A50..50",NA,46,2021
"A50..50",2,47,2021
"A50..50",NA,48,2021
"A51..51",NA,1,2021
"A51..51",NA,2,2021
"A51..51",NA,3,2021
"A51..51",NA,4,2021
"A51..51",NA,5,2021
"A51..51",NA,6,2021
"A51..51",NA,7,2021
"A51..51",NA,8,2021
"A51..51",NA,9,2021
"A51..51",NA,10,2021
"A51..51",NA,11,2021
"A51..51",NA,12,2021
"A51..51",1,13,2021
"A51..51",1,14,2021
"A51..51",1,15,2021
"A51..51",NA,16,2021
"A51..51",NA,17,2021
"A51..51",NA,18,2021
"A51..51",NA,19,2021
"A51..51",NA,20,2021
"A51..51",NA,21,2021
"A51..51",NA,22,2021
"A51..51",1,23,2021
"A51..51",NA,24,2021
"A51..51",NA,25,2021
"A51..51",NA,26,2021
"A51..51",NA,27,2021
"A51..51",NA,28,2021
"A51..51",NA,29,2021
"A51..51",NA,30,2021
"A51..51",NA,31,2021
"A51..51",NA,32,2021
"A51..51",NA,33,2021
"A51..51",NA,34,2021
"A51..51",NA,35,2021
"A51..51",1,36,2021
"A51..51",NA,37,2021
"A51..51",1,38,2021
"A51..51",NA,39,2021
"A51..51",NA,40,2021
"A51..51",NA,41,2021
"A51..51",NA,42,2021
"A51..51",NA,43,2021
"A51..51",2,44,2021
"A51..51",1,45,2021
"A51..51",NA,46,2021
"A51..51",NA,47,2021
"A51..51",NA,48,2021
"A52..52",NA,1,2021
"A52..52",NA,2,2021
"A52..52",NA,3,2021
"A52..52",NA,4,2021
"A52..52",NA,5,2021
"A52..52",NA,6,2021
"A52..52",NA,7,2021
"A52..52",NA,8,2021
"A52..52",NA,9,2021
"A52..52",NA,10,2021
"A52..52",1,11,2021
"A52..52",NA,12,2021
"A52..52",NA,13,2021
"A52..52",NA,14,2021
"A52..52",NA,15,2021
"A52..52",NA,16,2021
"A52..52",NA,17,2021
"A52..52",NA,18,2021
"A52..52",NA,19,2021
"A52..52",NA,20,2021
"A52..52",NA,21,2021
"A52..52",NA,22,2021
"A52..52",NA,23,2021
"A52..52",NA,24,2021
"A52..52",1,25,2021
"A52..52",NA,26,2021
"A52..52",NA,27,2021
"A52..52",NA,28,2021
"A52..52",NA,29,2021
"A52..52",NA,30,2021
"A52..52",NA,31,2021
"A52..52",1,32,2021
"A52..52",NA,33,2021
"A52..52",NA,34,2021
"A52..52",1,35,2021
"A52..52",NA,36,2021
"A52..52",NA,37,2021
"A52..52",NA,38,2021
"A52..52",NA,39,2021
"A52..52",NA,40,2021
"A52..52",NA,41,2021
"A52..52",1,42,2021
"A52..52",NA,43,2021
"A52..52",2,44,2021
"A52..52",NA,45,2021
"A52..52",1,46,2021
"A52..52",NA,47,2021
"A52..52",NA,48,2021
"A53..53",NA,1,2021
"A53..53",NA,2,2021
"A53..53",NA,3,2021
"A53..53",NA,4,2021
"A53..53",NA,5,2021
"A53..53",NA,6,2021
"A53..53",NA,7,2021
"A53..53",NA,8,2021
"A53..53",NA,9,2021
"A53..53",NA,10,2021
"A53..53",NA,11,2021
"A53..53",NA,12,2021
"A53..53",1,13,2021
"A53..53",NA,14,2021
"A53..53",NA,15,2021
"A53..53",NA,16,2021
"A53..53",NA,17,2021
"A53..53",NA,18,2021
"A53..53",NA,19,2021
"A53..53",NA,20,2021
"A53..53",1,21,2021
"A53..53",NA,22,2021
"A53..53",NA,23,2021
"A53..53",NA,24,2021
"A53..53",NA,25,2021
"A53..53",NA,26,2021
"A53..53",NA,27,2021
"A53..53",NA,28,2021
"A53..53",NA,29,2021
"A53..53",NA,30,2021
"A53..53",1,31,2021
"A53..53",NA,32,2021
"A53..53",NA,33,2021
"A53..53",NA,34,2021
"A53..53",NA,35,2021
"A53..53",1,36,2021
"A53..53",NA,37,2021
"A53..53",1,38,2021
"A53..53",NA,39,2021
"A53..53",NA,40,2021
"A53..53",1,41,2021
"A53..53",2,42,2021
"A53..53",NA,43,2021
"A53..53",NA,44,2021
"A53..53",1,45,2021
"A53..53",2,46,2021
"A53..53",NA,47,2021
"A53..53",NA,48,2021
"A54..54",NA,1,2021
"A54..54",NA,2,2021
"A54..54",NA,3,2021
"A54..54",NA,4,2021
"A54..54",NA,5,2021
"A54..54",NA,6,2021
"A54..54",1,7,2021
"A54..54",1,8,2021
"A54..54",NA,9,2021
"A54..54",1,10,2021
"A54..54",NA,11,2021
"A54..54",NA,12,2021
"A54..54",NA,13,2021
"A54..54",1,14,2021
"A54..54",1,15,2021
"A54..54",NA,16,2021
"A54..54",NA,17,2021
"A54..54",1,18,2021
"A54..54",1,19,2021
"A54..54",NA,20,2021
"A54..54",NA,21,2021
"A54..54",NA,22,2021
"A54..54",2,23,2021
"A54..54",NA,24,2021
"A54..54",NA,25,2021
"A54..54",NA,26,2021
"A54..54",NA,27,2021
"A54..54",NA,28,2021
"A54..54",NA,29,2021
"A54..54",NA,30,2021
"A54..54",1,31,2021
"A54..54",NA,32,2021
"A54..54",NA,33,2021
"A54..54",NA,34,2021
"A54..54",NA,35,2021
"A54..54",NA,36,2021
"A54..54",NA,37,2021
"A54..54",1,38,2021
"A54..54",NA,39,2021
"A54..54",NA,40,2021
"A54..54",1,41,2021
"A54..54",1,42,2021
"A54..54",NA,43,2021
"A54..54",NA,44,2021
"A54..54",NA,45,2021
"A54..54",1,46,2021
"A54..54",1,47,2021
"A54..54",1,48,2021
"A55..55",1,1,2021
"A55..55",1,2,2021
"A55..55",1,3,2021
"A55..55",1,4,2021
"A55..55",NA,5,2021
"A55..55",1,6,2021
"A55..55",NA,7,2021
"A55..55",NA,8,2021
"A55..55",NA,9,2021
"A55..55",NA,10,2021
"A55..55",NA,11,2021
"A55..55",NA,12,2021
"A55..55",NA,13,2021
"A55..55",NA,14,2021
"A55..55",1,15,2021
"A55..55",NA,16,2021
"A55..55",NA,17,2021
"A55..55",NA,18,2021
"A55..55",NA,19,2021
"A55..55",NA,20,2021
"A55..55",1,21,2021
"A55..55",1,22,2021
"A55..55",1,23,2021
"A55..55",NA,24,2021
"A55..55",NA,25,2021
"A55..55",NA,26,2021
"A55..55",1,27,2021
"A55..55",1,28,2021
"A55..55",NA,29,2021
"A55..55",NA,30,2021
"A55..55",NA,31,2021
"A55..55",NA,32,2021
"A55..55",NA,33,2021
"A55..55",NA,34,2021
"A55..55",NA,35,2021
"A55..55",NA,36,2021
"A55..55",NA,37,2021
"A55..55",NA,38,2021
"A55..55",NA,39,2021
"A55..55",NA,40,2021
"A55..55",NA,41,2021
"A55..55",2,42,2021
"A55..55",NA,43,2021
"A55..55",1,44,2021
"A55..55",1,45,2021
"A55..55",NA,46,2021
"A55..55",1,47,2021
"A55..55",NA,48,2021
"A56..56",NA,1,2021
"A56..56",NA,2,2021
"A56..56",NA,3,2021
"A56..56",NA,4,2021
"A56..56",NA,5,2021
"A56..56",NA,6,2021
"A56..56",1,7,2021
"A56..56",1,8,2021
"A56..56",NA,9,2021
"A56..56",NA,10,2021
"A56..56",NA,11,2021
"A56..56",NA,12,2021
"A56..56",NA,13,2021
"A56..56",NA,14,2021
"A56..56",NA,15,2021
"A56..56",NA,16,2021
"A56..56",NA,17,2021
"A56..56",NA,18,2021
"A56..56",NA,19,2021
"A56..56",NA,20,2021
"A56..56",NA,21,2021
"A56..56",1,22,2021
"A56..56",NA,23,2021
"A56..56",NA,24,2021
"A56..56",NA,25,2021
"A56..56",NA,26,2021
"A56..56",NA,27,2021
"A56..56",1,28,2021
"A56..56",NA,29,2021
"A56..56",NA,30,2021
"A56..56",NA,31,2021
"A56..56",2,32,2021
"A56..56",1,33,2021
"A56..56",NA,34,2021
"A56..56",NA,35,2021
"A56..56",NA,36,2021
"A56..56",NA,37,2021
"A56..56",NA,38,2021
"A56..56",1,39,2021
"A56..56",1,40,2021
"A56..56",NA,41,2021
"A56..56",NA,42,2021
"A56..56",1,43,2021
"A56..56",NA,44,2021
"A56..56",1,45,2021
"A56..56",1,46,2021
"A56..56",NA,47,2021
"A56..56",NA,48,2021
"A57..57",NA,1,2021
"A57..57",NA,2,2021
"A57..57",NA,3,2021
"A57..57",NA,4,2021
"A57..57",NA,5,2021
"A57..57",1,6,2021
"A57..57",NA,7,2021
"A57..57",NA,8,2021
"A57..57",NA,9,2021
"A57..57",NA,10,2021
"A57..57",1,11,2021
"A57..57",NA,12,2021
"A57..57",NA,13,2021
"A57..57",NA,14,2021
"A57..57",NA,15,2021
"A57..57",NA,16,2021
"A57..57",1,17,2021
"A57..57",1,18,2021
"A57..57",NA,19,2021
"A57..57",NA,20,2021
"A57..57",NA,21,2021
"A57..57",NA,22,2021
"A57..57",1,23,2021
"A57..57",NA,24,2021
"A57..57",NA,25,2021
"A57..57",NA,26,2021
"A57..57",NA,27,2021
"A57..57",NA,28,2021
"A57..57",NA,29,2021
"A57..57",NA,30,2021
"A57..57",NA,31,2021
"A57..57",1,32,2021
"A57..57",NA,33,2021
"A57..57",NA,34,2021
"A57..57",NA,35,2021
"A57..57",1,36,2021
"A57..57",NA,37,2021
"A57..57",NA,38,2021
"A57..57",NA,39,2021
"A57..57",NA,40,2021
"A57..57",NA,41,2021
"A57..57",NA,42,2021
"A57..57",NA,43,2021
"A57..57",1,44,2021
"A57..57",1,45,2021
"A57..57",NA,46,2021
"A57..57",NA,47,2021
"A57..57",NA,48,2021
"A58..58",1,1,2021
"A58..58",NA,2,2021
"A58..58",NA,3,2021
"A58..58",NA,4,2021
"A58..58",NA,5,2021
"A58..58",NA,6,2021
"A58..58",NA,7,2021
"A58..58",1,8,2021
"A58..58",NA,9,2021
"A58..58",NA,10,2021
"A58..58",NA,11,2021
"A58..58",1,12,2021
"A58..58",1,13,2021
"A58..58",NA,14,2021
"A58..58",NA,15,2021
"A58..58",NA,16,2021
"A58..58",NA,17,2021
"A58..58",1,18,2021
"A58..58",NA,19,2021
"A58..58",NA,20,2021
"A58..58",NA,21,2021
"A58..58",NA,22,2021
"A58..58",NA,23,2021
"A58..58",NA,24,2021
"A58..58",1,25,2021
"A58..58",NA,26,2021
"A58..58",NA,27,2021
"A58..58",1,28,2021
"A58..58",NA,29,2021
"A58..58",2,30,2021
"A58..58",1,31,2021
"A58..58",1,32,2021
"A58..58",1,33,2021
"A58..58",NA,34,2021
"A58..58",NA,35,2021
"A58..58",1,36,2021
"A58..58",NA,37,2021
"A58..58",NA,38,2021
"A58..58",NA,39,2021
"A58..58",NA,40,2021
"A58..58",NA,41,2021
"A58..58",1,42,2021
"A58..58",NA,43,2021
"A58..58",NA,44,2021
"A58..58",NA,45,2021
"A58..58",2,46,2021
"A58..58",NA,47,2021
"A58..58",NA,48,2021
"A59..59",NA,1,2021
"A59..59",NA,2,2021
"A59..59",NA,3,2021
"A59..59",NA,4,2021
"A59..59",NA,5,2021
"A59..59",NA,6,2021
"A59..59",NA,7,2021
"A59..59",NA,8,2021
"A59..59",NA,9,2021
"A59..59",NA,10,2021
"A59..59",NA,11,2021
"A59..59",NA,12,2021
"A59..59",NA,13,2021
"A59..59",NA,14,2021
"A59..59",2,15,2021
"A59..59",NA,16,2021
"A59..59",NA,17,2021
"A59..59",NA,18,2021
"A59..59",NA,19,2021
"A59..59",NA,20,2021
"A59..59",2,21,2021
"A59..59",1,22,2021
"A59..59",NA,23,2021
"A59..59",NA,24,2021
"A59..59",NA,25,2021
"A59..59",NA,26,2021
"A59..59",1,27,2021
"A59..59",2,28,2021
"A59..59",NA,29,2021
"A59..59",NA,30,2021
"A59..59",1,31,2021
"A59..59",NA,32,2021
"A59..59",1,33,2021
"A59..59",NA,34,2021
"A59..59",NA,35,2021
"A59..59",NA,36,2021
"A59..59",1,37,2021
"A59..59",NA,38,2021
"A59..59",NA,39,2021
"A59..59",2,40,2021
"A59..59",1,41,2021
"A59..59",2,42,2021
"A59..59",NA,43,2021
"A59..59",1,44,2021
"A59..59",NA,45,2021
"A59..59",1,46,2021
"A59..59",NA,47,2021
"A59..59",NA,48,2021
"A60..60",1,1,2021
"A60..60",NA,2,2021
"A60..60",NA,3,2021
"A60..60",1,4,2021
"A60..60",NA,5,2021
"A60..60",NA,6,2021
"A60..60",1,7,2021
"A60..60",NA,8,2021
"A60..60",1,9,2021
"A60..60",NA,10,2021
"A60..60",NA,11,2021
"A60..60",NA,12,2021
"A60..60",NA,13,2021
"A60..60",NA,14,2021
"A60..60",1,15,2021
"A60..60",NA,16,2021
"A60..60",2,17,2021
"A60..60",1,18,2021
"A60..60",NA,19,2021
"A60..60",1,20,2021
"A60..60",NA,21,2021
"A60..60",1,22,2021
"A60..60",NA,23,2021
"A60..60",NA,24,2021
"A60..60",NA,25,2021
"A60..60",NA,26,2021
"A60..60",1,27,2021
"A60..60",NA,28,2021
"A60..60",NA,29,2021
"A60..60",1,30,2021
"A60..60",NA,31,2021
"A60..60",NA,32,2021
"A60..60",NA,33,2021
"A60..60",1,34,2021
"A60..60",NA,35,2021
"A60..60",1,36,2021
"A60..60",NA,37,2021
"A60..60",2,38,2021
"A60..60",1,39,2021
"A60..60",NA,40,2021
"A60..60",1,41,2021
"A60..60",1,42,2021
"A60..60",1,43,2021
"A60..60",NA,44,2021
"A60..60",NA,45,2021
"A60..60",3,46,2021
"A60..60",1,47,2021
"A60..60",NA,48,2021
"A61..61",NA,1,2021
"A61..61",NA,2,2021
"A61..61",NA,3,2021
"A61..61",NA,4,2021
"A61..61",NA,5,2021
"A61..61",NA,6,2021
"A61..61",NA,7,2021
"A61..61",1,8,2021
"A61..61",NA,9,2021
"A61..61",1,10,2021
"A61..61",1,11,2021
"A61..61",NA,12,2021
"A61..61",NA,13,2021
"A61..61",1,14,2021
"A61..61",1,15,2021
"A61..61",NA,16,2021
"A61..61",NA,17,2021
"A61..61",NA,18,2021
"A61..61",NA,19,2021
"A61..61",NA,20,2021
"A61..61",NA,21,2021
"A61..61",NA,22,2021
"A61..61",1,23,2021
"A61..61",NA,24,2021
"A61..61",NA,25,2021
"A61..61",NA,26,2021
"A61..61",1,27,2021
"A61..61",NA,28,2021
"A61..61",NA,29,2021
"A61..61",NA,30,2021
"A61..61",NA,31,2021
"A61..61",NA,32,2021
"A61..61",NA,33,2021
"A61..61",NA,34,2021
"A61..61",NA,35,2021
"A61..61",NA,36,2021
"A61..61",NA,37,2021
"A61..61",NA,38,2021
"A61..61",2,39,2021
"A61..61",NA,40,2021
"A61..61",NA,41,2021
"A61..61",2,42,2021
"A61..61",2,43,2021
"A61..61",1,44,2021
"A61..61",NA,45,2021
"A61..61",1,46,2021
"A61..61",3,47,2021
"A61..61",NA,48,2021
"A62..62",2,1,2021
"A62..62",NA,2,2021
"A62..62",1,3,2021
"A62..62",1,4,2021
"A62..62",NA,5,2021
"A62..62",NA,6,2021
"A62..62",NA,7,2021
"A62..62",NA,8,2021
"A62..62",NA,9,2021
"A62..62",NA,10,2021
"A62..62",NA,11,2021
"A62..62",1,12,2021
"A62..62",NA,13,2021
"A62..62",NA,14,2021
"A62..62",NA,15,2021
"A62..62",NA,16,2021
"A62..62",NA,17,2021
"A62..62",NA,18,2021
"A62..62",NA,19,2021
"A62..62",1,20,2021
"A62..62",NA,21,2021
"A62..62",NA,22,2021
"A62..62",NA,23,2021
"A62..62",NA,24,2021
"A62..62",NA,25,2021
"A62..62",NA,26,2021
"A62..62",NA,27,2021
"A62..62",NA,28,2021
"A62..62",NA,29,2021
"A62..62",NA,30,2021
"A62..62",NA,31,2021
"A62..62",NA,32,2021
"A62..62",1,33,2021
"A62..62",NA,34,2021
"A62..62",1,35,2021
"A62..62",NA,36,2021
"A62..62",1,37,2021
"A62..62",1,38,2021
"A62..62",1,39,2021
"A62..62",3,40,2021
"A62..62",3,41,2021
"A62..62",2,42,2021
"A62..62",1,43,2021
"A62..62",1,44,2021
"A62..62",1,45,2021
"A62..62",1,46,2021
"A62..62",2,47,2021
"A62..62",NA,48,2021
"A63..63",NA,1,2021
"A63..63",NA,2,2021
"A63..63",NA,3,2021
"A63..63",NA,4,2021
"A63..63",NA,5,2021
"A63..63",1,6,2021
"A63..63",NA,7,2021
"A63..63",1,8,2021
"A63..63",NA,9,2021
"A63..63",NA,10,2021
"A63..63",NA,11,2021
"A63..63",NA,12,2021
"A63..63",NA,13,2021
"A63..63",NA,14,2021
"A63..63",2,15,2021
"A63..63",NA,16,2021
"A63..63",NA,17,2021
"A63..63",2,18,2021
"A63..63",NA,19,2021
"A63..63",NA,20,2021
"A63..63",1,21,2021
"A63..63",NA,22,2021
"A63..63",NA,23,2021
"A63..63",NA,24,2021
"A63..63",NA,25,2021
"A63..63",NA,26,2021
"A63..63",NA,27,2021
"A63..63",NA,28,2021
"A63..63",1,29,2021
"A63..63",1,30,2021
"A63..63",1,31,2021
"A63..63",NA,32,2021
"A63..63",NA,33,2021
"A63..63",1,34,2021
"A63..63",NA,35,2021
"A63..63",NA,36,2021
"A63..63",NA,37,2021
"A63..63",1,38,2021
"A63..63",NA,39,2021
"A63..63",NA,40,2021
"A63..63",1,41,2021
"A63..63",2,42,2021
"A63..63",NA,43,2021
"A63..63",1,44,2021
"A63..63",2,45,2021
"A63..63",1,46,2021
"A63..63",2,47,2021
"A63..63",NA,48,2021
"A64..64",NA,1,2021
"A64..64",NA,2,2021
"A64..64",NA,3,2021
"A64..64",NA,4,2021
"A64..64",NA,5,2021
"A64..64",NA,6,2021
"A64..64",NA,7,2021
"A64..64",1,8,2021
"A64..64",NA,9,2021
"A64..64",1,10,2021
"A64..64",NA,11,2021
"A64..64",1,12,2021
"A64..64",NA,13,2021
"A64..64",1,14,2021
"A64..64",NA,15,2021
"A64..64",NA,16,2021
"A64..64",NA,17,2021
"A64..64",NA,18,2021
"A64..64",1,19,2021
"A64..64",NA,20,2021
"A64..64",NA,21,2021
"A64..64",1,22,2021
"A64..64",1,23,2021
"A64..64",NA,24,2021
"A64..64",1,25,2021
"A64..64",1,26,2021
"A64..64",NA,27,2021
"A64..64",NA,28,2021
"A64..64",NA,29,2021
"A64..64",1,30,2021
"A64..64",2,31,2021
"A64..64",NA,32,2021
"A64..64",1,33,2021
"A64..64",NA,34,2021
"A64..64",NA,35,2021
"A64..64",1,36,2021
"A64..64",NA,37,2021
"A64..64",1,38,2021
"A64..64",NA,39,2021
"A64..64",NA,40,2021
"A64..64",2,41,2021
"A64..64",2,42,2021
"A64..64",3,43,2021
"A64..64",2,44,2021
"A64..64",1,45,2021
"A64..64",1,46,2021
"A64..64",2,47,2021
"A64..64",1,48,2021
"A65..65",NA,1,2021
"A65..65",NA,2,2021
"A65..65",NA,3,2021
"A65..65",NA,4,2021
"A65..65",NA,5,2021
"A65..65",NA,6,2021
"A65..65",NA,7,2021
"A65..65",NA,8,2021
"A65..65",NA,9,2021
"A65..65",NA,10,2021
"A65..65",NA,11,2021
"A65..65",NA,12,2021
"A65..65",NA,13,2021
"A65..65",NA,14,2021
"A65..65",NA,15,2021
"A65..65",NA,16,2021
"A65..65",NA,17,2021
"A65..65",NA,18,2021
"A65..65",1,19,2021
"A65..65",1,20,2021
"A65..65",NA,21,2021
"A65..65",NA,22,2021
"A65..65",NA,23,2021
"A65..65",NA,24,2021
"A65..65",NA,25,2021
"A65..65",NA,26,2021
"A65..65",NA,27,2021
"A65..65",NA,28,2021
"A65..65",NA,29,2021
"A65..65",NA,30,2021
"A65..65",NA,31,2021
"A65..65",1,32,2021
"A65..65",2,33,2021
"A65..65",2,34,2021
"A65..65",2,35,2021
"A65..65",NA,36,2021
"A65..65",1,37,2021
"A65..65",NA,38,2021
"A65..65",NA,39,2021
"A65..65",NA,40,2021
"A65..65",NA,41,2021
"A65..65",1,42,2021
"A65..65",NA,43,2021
"A65..65",2,44,2021
"A65..65",NA,45,2021
"A65..65",2,46,2021
"A65..65",1,47,2021
"A65..65",NA,48,2021
"A66..66",1,1,2021
"A66..66",NA,2,2021
"A66..66",NA,3,2021
"A66..66",NA,4,2021
"A66..66",NA,5,2021
"A66..66",NA,6,2021
"A66..66",NA,7,2021
"A66..66",NA,8,2021
"A66..66",NA,9,2021
"A66..66",NA,10,2021
"A66..66",1,11,2021
"A66..66",NA,12,2021
"A66..66",NA,13,2021
"A66..66",NA,14,2021
"A66..66",1,15,2021
"A66..66",NA,16,2021
"A66..66",NA,17,2021
"A66..66",NA,18,2021
"A66..66",NA,19,2021
"A66..66",1,20,2021
"A66..66",NA,21,2021
"A66..66",NA,22,2021
"A66..66",NA,23,2021
"A66..66",1,24,2021
"A66..66",NA,25,2021
"A66..66",NA,26,2021
"A66..66",NA,27,2021
"A66..66",NA,28,2021
"A66..66",1,29,2021
"A66..66",NA,30,2021
"A66..66",NA,31,2021
"A66..66",NA,32,2021
"A66..66",NA,33,2021
"A66..66",NA,34,2021
"A66..66",1,35,2021
"A66..66",NA,36,2021
"A66..66",NA,37,2021
"A66..66",NA,38,2021
"A66..66",NA,39,2021
"A66..66",1,40,2021
"A66..66",NA,41,2021
"A66..66",NA,42,2021
"A66..66",1,43,2021
"A66..66",4,44,2021
"A66..66",1,45,2021
"A66..66",2,46,2021
"A66..66",1,47,2021
"A66..66",NA,48,2021
"A67..67",NA,1,2021
"A67..67",NA,2,2021
"A67..67",NA,3,2021
"A67..67",NA,4,2021
"A67..67",NA,5,2021
"A67..67",NA,6,2021
"A67..67",NA,7,2021
"A67..67",NA,8,2021
"A67..67",NA,9,2021
"A67..67",NA,10,2021
"A67..67",1,11,2021
"A67..67",NA,12,2021
"A67..67",NA,13,2021
"A67..67",NA,14,2021
"A67..67",2,15,2021
"A67..67",NA,16,2021
"A67..67",1,17,2021
"A67..67",2,18,2021
"A67..67",1,19,2021
"A67..67",NA,20,2021
"A67..67",1,21,2021
"A67..67",NA,22,2021
"A67..67",2,23,2021
"A67..67",NA,24,2021
"A67..67",NA,25,2021
"A67..67",NA,26,2021
"A67..67",NA,27,2021
"A67..67",NA,28,2021
"A67..67",NA,29,2021
"A67..67",1,30,2021
"A67..67",NA,31,2021
"A67..67",1,32,2021
"A67..67",NA,33,2021
"A67..67",1,34,2021
"A67..67",NA,35,2021
"A67..67",4,36,2021
"A67..67",NA,37,2021
"A67..67",NA,38,2021
"A67..67",1,39,2021
"A67..67",NA,40,2021
"A67..67",1,41,2021
"A67..67",1,42,2021
"A67..67",2,43,2021
"A67..67",2,44,2021
"A67..67",2,45,2021
"A67..67",NA,46,2021
"A67..67",2,47,2021
"A67..67",NA,48,2021
"A68..68",NA,1,2021
"A68..68",NA,2,2021
"A68..68",NA,3,2021
"A68..68",1,4,2021
"A68..68",NA,5,2021
"A68..68",NA,6,2021
"A68..68",NA,7,2021
"A68..68",NA,8,2021
"A68..68",NA,9,2021
"A68..68",NA,10,2021
"A68..68",1,11,2021
"A68..68",1,12,2021
"A68..68",1,13,2021
"A68..68",NA,14,2021
"A68..68",NA,15,2021
"A68..68",1,16,2021
"A68..68",NA,17,2021
"A68..68",NA,18,2021
"A68..68",NA,19,2021
"A68..68",NA,20,2021
"A68..68",1,21,2021
"A68..68",NA,22,2021
"A68..68",NA,23,2021
"A68..68",NA,24,2021
"A68..68",NA,25,2021
"A68..68",NA,26,2021
"A68..68",NA,27,2021
"A68..68",NA,28,2021
"A68..68",1,29,2021
"A68..68",NA,30,2021
"A68..68",1,31,2021
"A68..68",1,32,2021
"A68..68",NA,33,2021
"A68..68",NA,34,2021
"A68..68",NA,35,2021
"A68..68",1,36,2021
"A68..68",NA,37,2021
"A68..68",NA,38,2021
"A68..68",2,39,2021
"A68..68",NA,40,2021
"A68..68",1,41,2021
"A68..68",NA,42,2021
"A68..68",NA,43,2021
"A68..68",2,44,2021
"A68..68",3,45,2021
"A68..68",2,46,2021
"A68..68",1,47,2021
"A68..68",NA,48,2021
"A69..69",1,1,2021
"A69..69",NA,2,2021
"A69..69",1,3,2021
"A69..69",NA,4,2021
"A69..69",NA,5,2021
"A69..69",NA,6,2021
"A69..69",NA,7,2021
"A69..69",NA,8,2021
"A69..69",NA,9,2021
"A69..69",NA,10,2021
"A69..69",NA,11,2021
"A69..69",NA,12,2021
"A69..69",NA,13,2021
"A69..69",NA,14,2021
"A69..69",NA,15,2021
"A69..69",NA,16,2021
"A69..69",NA,17,2021
"A69..69",NA,18,2021
"A69..69",NA,19,2021
"A69..69",NA,20,2021
"A69..69",NA,21,2021
"A69..69",NA,22,2021
"A69..69",1,23,2021
"A69..69",NA,24,2021
"A69..69",1,25,2021
"A69..69",1,26,2021
"A69..69",NA,27,2021
"A69..69",NA,28,2021
"A69..69",NA,29,2021
"A69..69",NA,30,2021
"A69..69",1,31,2021
"A69..69",NA,32,2021
"A69..69",NA,33,2021
"A69..69",1,34,2021
"A69..69",NA,35,2021
"A69..69",NA,36,2021
"A69..69",2,37,2021
"A69..69",1,38,2021
"A69..69",NA,39,2021
"A69..69",NA,40,2021
"A69..69",NA,41,2021
"A69..69",2,42,2021
"A69..69",NA,43,2021
"A69..69",NA,44,2021
"A69..69",2,45,2021
"A69..69",1,46,2021
"A69..69",4,47,2021
"A69..69",1,48,2021
"A70..70",NA,1,2021
"A70..70",NA,2,2021
"A70..70",NA,3,2021
"A70..70",NA,4,2021
"A70..70",NA,5,2021
"A70..70",NA,6,2021
"A70..70",NA,7,2021
"A70..70",1,8,2021
"A70..70",NA,9,2021
"A70..70",NA,10,2021
"A70..70",NA,11,2021
"A70..70",NA,12,2021
"A70..70",NA,13,2021
"A70..70",NA,14,2021
"A70..70",NA,15,2021
"A70..70",NA,16,2021
"A70..70",1,17,2021
"A70..70",NA,18,2021
"A70..70",NA,19,2021
"A70..70",NA,20,2021
"A70..70",NA,21,2021
"A70..70",1,22,2021
"A70..70",NA,23,2021
"A70..70",1,24,2021
"A70..70",1,25,2021
"A70..70",1,26,2021
"A70..70",2,27,2021
"A70..70",NA,28,2021
"A70..70",NA,29,2021
"A70..70",NA,30,2021
"A70..70",NA,31,2021
"A70..70",NA,32,2021
"A70..70",NA,33,2021
"A70..70",NA,34,2021
"A70..70",NA,35,2021
"A70..70",NA,36,2021
"A70..70",NA,37,2021
"A70..70",NA,38,2021
"A70..70",NA,39,2021
"A70..70",2,40,2021
"A70..70",1,41,2021
"A70..70",1,42,2021
"A70..70",NA,43,2021
"A70..70",2,44,2021
"A70..70",NA,45,2021
"A70..70",3,46,2021
"A70..70",4,47,2021
"A70..70",1,48,2021
"A71..71",NA,1,2021
"A71..71",NA,2,2021
"A71..71",NA,3,2021
"A71..71",1,4,2021
"A71..71",NA,5,2021
"A71..71",NA,6,2021
"A71..71",NA,7,2021
"A71..71",NA,8,2021
"A71..71",NA,9,2021
"A71..71",NA,10,2021
"A71..71",NA,11,2021
"A71..71",NA,12,2021
"A71..71",NA,13,2021
"A71..71",NA,14,2021
"A71..71",1,15,2021
"A71..71",1,16,2021
"A71..71",NA,17,2021
"A71..71",1,18,2021
"A71..71",NA,19,2021
"A71..71",NA,20,2021
"A71..71",1,21,2021
"A71..71",NA,22,2021
"A71..71",NA,23,2021
"A71..71",1,24,2021
"A71..71",NA,25,2021
"A71..71",1,26,2021
"A71..71",NA,27,2021
"A71..71",1,28,2021
"A71..71",NA,29,2021
"A71..71",2,30,2021
"A71..71",NA,31,2021
"A71..71",NA,32,2021
"A71..71",1,33,2021
"A71..71",NA,34,2021
"A71..71",1,35,2021
"A71..71",NA,36,2021
"A71..71",NA,37,2021
"A71..71",NA,38,2021
"A71..71",NA,39,2021
"A71..71",NA,40,2021
"A71..71",2,41,2021
"A71..71",NA,42,2021
"A71..71",2,43,2021
"A71..71",3,44,2021
"A71..71",3,45,2021
"A71..71",1,46,2021
"A71..71",4,47,2021
"A71..71",NA,48,2021
"A72..72",NA,1,2021
"A72..72",1,2,2021
"A72..72",NA,3,2021
"A72..72",1,4,2021
"A72..72",NA,5,2021
"A72..72",NA,6,2021
"A72..72",NA,7,2021
"A72..72",1,8,2021
"A72..72",NA,9,2021
"A72..72",NA,10,2021
"A72..72",NA,11,2021
"A72..72",1,12,2021
"A72..72",NA,13,2021
"A72..72",NA,14,2021
"A72..72",NA,15,2021
"A72..72",NA,16,2021
"A72..72",NA,17,2021
"A72..72",NA,18,2021
"A72..72",NA,19,2021
"A72..72",1,20,2021
"A72..72",NA,21,2021
"A72..72",1,22,2021
"A72..72",NA,23,2021
"A72..72",1,24,2021
"A72..72",1,25,2021
"A72..72",NA,26,2021
"A72..72",1,27,2021
"A72..72",NA,28,2021
"A72..72",NA,29,2021
"A72..72",1,30,2021
"A72..72",1,31,2021
"A72..72",NA,32,2021
"A72..72",NA,33,2021
"A72..72",NA,34,2021
"A72..72",1,35,2021
"A72..72",NA,36,2021
"A72..72",NA,37,2021
"A72..72",NA,38,2021
"A72..72",1,39,2021
"A72..72",NA,40,2021
"A72..72",2,41,2021
"A72..72",NA,42,2021
"A72..72",1,43,2021
"A72..72",NA,44,2021
"A72..72",NA,45,2021
"A72..72",1,46,2021
"A72..72",1,47,2021
"A72..72",NA,48,2021
"A73..73",NA,1,2021
"A73..73",NA,2,2021
"A73..73",1,3,2021
"A73..73",NA,4,2021
"A73..73",NA,5,2021
"A73..73",1,6,2021
"A73..73",NA,7,2021
"A73..73",NA,8,2021
"A73..73",NA,9,2021
"A73..73",NA,10,2021
"A73..73",NA,11,2021
"A73..73",NA,12,2021
"A73..73",NA,13,2021
"A73..73",NA,14,2021
"A73..73",NA,15,2021
"A73..73",1,16,2021
"A73..73",NA,17,2021
"A73..73",NA,18,2021
"A73..73",NA,19,2021
"A73..73",NA,20,2021
"A73..73",1,21,2021
"A73..73",NA,22,2021
"A73..73",NA,23,2021
"A73..73",1,24,2021
"A73..73",NA,25,2021
"A73..73",1,26,2021
"A73..73",1,27,2021
"A73..73",NA,28,2021
"A73..73",NA,29,2021
"A73..73",NA,30,2021
"A73..73",NA,31,2021
"A73..73",1,32,2021
"A73..73",NA,33,2021
"A73..73",1,34,2021
"A73..73",NA,35,2021
"A73..73",NA,36,2021
"A73..73",1,37,2021
"A73..73",NA,38,2021
"A73..73",1,39,2021
"A73..73",2,40,2021
"A73..73",2,41,2021
"A73..73",NA,42,2021
"A73..73",1,43,2021
"A73..73",1,44,2021
"A73..73",3,45,2021
"A73..73",1,46,2021
"A73..73",1,47,2021
"A73..73",NA,48,2021
"A74..74",2,1,2021
"A74..74",NA,2,2021
"A74..74",NA,3,2021
"A74..74",NA,4,2021
"A74..74",NA,5,2021
"A74..74",NA,6,2021
"A74..74",NA,7,2021
"A74..74",NA,8,2021
"A74..74",NA,9,2021
"A74..74",NA,10,2021
"A74..74",NA,11,2021
"A74..74",NA,12,2021
"A74..74",1,13,2021
"A74..74",NA,14,2021
"A74..74",NA,15,2021
"A74..74",NA,16,2021
"A74..74",NA,17,2021
"A74..74",2,18,2021
"A74..74",NA,19,2021
"A74..74",NA,20,2021
"A74..74",NA,21,2021
"A74..74",NA,22,2021
"A74..74",NA,23,2021
"A74..74",NA,24,2021
"A74..74",NA,25,2021
"A74..74",NA,26,2021
"A74..74",2,27,2021
"A74..74",NA,28,2021
"A74..74",1,29,2021
"A74..74",NA,30,2021
"A74..74",2,31,2021
"A74..74",1,32,2021
"A74..74",NA,33,2021
"A74..74",NA,34,2021
"A74..74",NA,35,2021
"A74..74",NA,36,2021
"A74..74",NA,37,2021
"A74..74",1,38,2021
"A74..74",1,39,2021
"A74..74",NA,40,2021
"A74..74",1,41,2021
"A74..74",NA,42,2021
"A74..74",1,43,2021
"A74..74",2,44,2021
"A74..74",1,45,2021
"A74..74",1,46,2021
"A74..74",NA,47,2021
"A74..74",NA,48,2021
"A75..75",NA,1,2021
"A75..75",NA,2,2021
"A75..75",NA,3,2021
"A75..75",1,4,2021
"A75..75",NA,5,2021
"A75..75",NA,6,2021
"A75..75",1,7,2021
"A75..75",NA,8,2021
"A75..75",NA,9,2021
"A75..75",NA,10,2021
"A75..75",NA,11,2021
"A75..75",2,12,2021
"A75..75",NA,13,2021
"A75..75",NA,14,2021
"A75..75",NA,15,2021
"A75..75",NA,16,2021
"A75..75",NA,17,2021
"A75..75",1,18,2021
"A75..75",NA,19,2021
"A75..75",NA,20,2021
"A75..75",NA,21,2021
"A75..75",NA,22,2021
"A75..75",NA,23,2021
"A75..75",NA,24,2021
"A75..75",NA,25,2021
"A75..75",NA,26,2021
"A75..75",NA,27,2021
"A75..75",NA,28,2021
"A75..75",NA,29,2021
"A75..75",NA,30,2021
"A75..75",NA,31,2021
"A75..75",NA,32,2021
"A75..75",NA,33,2021
"A75..75",NA,34,2021
"A75..75",NA,35,2021
"A75..75",NA,36,2021
"A75..75",NA,37,2021
"A75..75",1,38,2021
"A75..75",2,39,2021
"A75..75",NA,40,2021
"A75..75",1,41,2021
"A75..75",1,42,2021
"A75..75",NA,43,2021
"A75..75",2,44,2021
"A75..75",1,45,2021
"A75..75",NA,46,2021
"A75..75",NA,47,2021
"A75..75",NA,48,2021
"A76..76",NA,1,2021
"A76..76",NA,2,2021
"A76..76",NA,3,2021
"A76..76",NA,4,2021
"A76..76",NA,5,2021
"A76..76",NA,6,2021
"A76..76",NA,7,2021
"A76..76",1,8,2021
"A76..76",NA,9,2021
"A76..76",NA,10,2021
"A76..76",NA,11,2021
"A76..76",NA,12,2021
"A76..76",NA,13,2021
"A76..76",NA,14,2021
"A76..76",NA,15,2021
"A76..76",NA,16,2021
"A76..76",NA,17,2021
"A76..76",NA,18,2021
"A76..76",NA,19,2021
"A76..76",NA,20,2021
"A76..76",NA,21,2021
"A76..76",NA,22,2021
"A76..76",NA,23,2021
"A76..76",NA,24,2021
"A76..76",NA,25,2021
"A76..76",NA,26,2021
"A76..76",1,27,2021
"A76..76",NA,28,2021
"A76..76",NA,29,2021
"A76..76",NA,30,2021
"A76..76",NA,31,2021
"A76..76",NA,32,2021
"A76..76",NA,33,2021
"A76..76",NA,34,2021
"A76..76",NA,35,2021
"A76..76",NA,36,2021
"A76..76",NA,37,2021
"A76..76",NA,38,2021
"A76..76",NA,39,2021
"A76..76",NA,40,2021
"A76..76",2,41,2021
"A76..76",NA,42,2021
"A76..76",2,43,2021
"A76..76",1,44,2021
"A76..76",3,45,2021
"A76..76",2,46,2021
"A76..76",NA,47,2021
"A76..76",NA,48,2021
"A77..77",NA,1,2021
"A77..77",NA,2,2021
"A77..77",NA,3,2021
"A77..77",2,4,2021
"A77..77",NA,5,2021
"A77..77",NA,6,2021
"A77..77",NA,7,2021
"A77..77",NA,8,2021
"A77..77",NA,9,2021
"A77..77",1,10,2021
"A77..77",NA,11,2021
"A77..77",NA,12,2021
"A77..77",NA,13,2021
"A77..77",1,14,2021
"A77..77",NA,15,2021
"A77..77",NA,16,2021
"A77..77",NA,17,2021
"A77..77",NA,18,2021
"A77..77",1,19,2021
"A77..77",NA,20,2021
"A77..77",NA,21,2021
"A77..77",NA,22,2021
"A77..77",1,23,2021
"A77..77",NA,24,2021
"A77..77",NA,25,2021
"A77..77",1,26,2021
"A77..77",NA,27,2021
"A77..77",NA,28,2021
"A77..77",1,29,2021
"A77..77",NA,30,2021
"A77..77",1,31,2021
"A77..77",1,32,2021
"A77..77",NA,33,2021
"A77..77",2,34,2021
"A77..77",NA,35,2021
"A77..77",1,36,2021
"A77..77",1,37,2021
"A77..77",1,38,2021
"A77..77",NA,39,2021
"A77..77",NA,40,2021
"A77..77",NA,41,2021
"A77..77",2,42,2021
"A77..77",NA,43,2021
"A77..77",NA,44,2021
"A77..77",2,45,2021
"A77..77",3,46,2021
"A77..77",1,47,2021
"A77..77",1,48,2021
"A78..78",NA,1,2021
"A78..78",1,2,2021
"A78..78",2,3,2021
"A78..78",NA,4,2021
"A78..78",NA,5,2021
"A78..78",1,6,2021
"A78..78",NA,7,2021
"A78..78",NA,8,2021
"A78..78",NA,9,2021
"A78..78",NA,10,2021
"A78..78",NA,11,2021
"A78..78",1,12,2021
"A78..78",1,13,2021
"A78..78",NA,14,2021
"A78..78",NA,15,2021
"A78..78",NA,16,2021
"A78..78",NA,17,2021
"A78..78",NA,18,2021
"A78..78",NA,19,2021
"A78..78",1,20,2021
"A78..78",NA,21,2021
"A78..78",NA,22,2021
"A78..78",2,23,2021
"A78..78",NA,24,2021
"A78..78",NA,25,2021
"A78..78",NA,26,2021
"A78..78",NA,27,2021
"A78..78",NA,28,2021
"A78..78",1,29,2021
"A78..78",NA,30,2021
"A78..78",NA,31,2021
"A78..78",NA,32,2021
"A78..78",NA,33,2021
"A78..78",NA,34,2021
"A78..78",NA,35,2021
"A78..78",NA,36,2021
"A78..78",NA,37,2021
"A78..78",NA,38,2021
"A78..78",NA,39,2021
"A78..78",NA,40,2021
"A78..78",1,41,2021
"A78..78",2,42,2021
"A78..78",1,43,2021
"A78..78",NA,44,2021
"A78..78",1,45,2021
"A78..78",1,46,2021
"A78..78",1,47,2021
"A78..78",1,48,2021
"A79..79",NA,1,2021
"A79..79",NA,2,2021
"A79..79",NA,3,2021
"A79..79",NA,4,2021
"A79..79",NA,5,2021
"A79..79",1,6,2021
"A79..79",NA,7,2021
"A79..79",1,8,2021
"A79..79",NA,9,2021
"A79..79",NA,10,2021
"A79..79",NA,11,2021
"A79..79",NA,12,2021
"A79..79",NA,13,2021
"A79..79",NA,14,2021
"A79..79",NA,15,2021
"A79..79",NA,16,2021
"A79..79",NA,17,2021
"A79..79",NA,18,2021
"A79..79",NA,19,2021
"A79..79",1,20,2021
"A79..79",NA,21,2021
"A79..79",1,22,2021
"A79..79",NA,23,2021
"A79..79",NA,24,2021
"A79..79",1,25,2021
"A79..79",1,26,2021
"A79..79",NA,27,2021
"A79..79",NA,28,2021
"A79..79",1,29,2021
"A79..79",NA,30,2021
"A79..79",NA,31,2021
"A79..79",1,32,2021
"A79..79",NA,33,2021
"A79..79",NA,34,2021
"A79..79",1,35,2021
"A79..79",1,36,2021
"A79..79",NA,37,2021
"A79..79",NA,38,2021
"A79..79",NA,39,2021
"A79..79",NA,40,2021
"A79..79",1,41,2021
"A79..79",1,42,2021
"A79..79",NA,43,2021
"A79..79",1,44,2021
"A79..79",1,45,2021
"A79..79",NA,46,2021
"A79..79",NA,47,2021
"A79..79",1,48,2021
"A80.",1,1,2021
"A80.",1,2,2021
"A80.",4,3,2021
"A80.",NA,4,2021
"A80.",2,5,2021
"A80.",NA,6,2021
"A80.",2,7,2021
"A80.",NA,8,2021
"A80.",2,9,2021
"A80.",1,10,2021
"A80.",3,11,2021
"A80.",1,12,2021
"A80.",2,13,2021
"A80.",3,14,2021
"A80.",5,15,2021
"A80.",4,16,2021
"A80.",NA,17,2021
"A80.",2,18,2021
"A80.",1,19,2021
"A80.",6,20,2021
"A80.",4,21,2021
"A80.",5,22,2021
"A80.",3,23,2021
"A80.",3,24,2021
"A80.",6,25,2021
"A80.",2,26,2021
"A80.",4,27,2021
"A80.",4,28,2021
"A80.",7,29,2021
"A80.",6,30,2021
"A80.",1,31,2021
"A80.",5,32,2021
"A80.",3,33,2021
"A80.",4,34,2021
"A80.",2,35,2021
"A80.",7,36,2021
"A80.",10,37,2021
"A80.",2,38,2021
"A80.",10,39,2021
"A80.",2,40,2021
"A80.",8,41,2021
"A80.",6,42,2021
"A80.",15,43,2021
"A80.",15,44,2021
"A80.",21,45,2021
"A80.",11,46,2021
"A80.",9,47,2021
"A80.",7,48,2021
"A00..00",NA,1,2020
"A00..00",NA,2,2020
"A00..00",NA,3,2020
"A00..00",1,4,2020
"A00..00",1,5,2020
"A00..00",NA,6,2020
"A00..00",NA,7,2020
"A00..00",NA,8,2020
"A00..00",NA,9,2020
"A00..00",NA,10,2020
"A00..00",NA,11,2020
"A00..00",1,12,2020
"A00..00",NA,13,2020
"A00..00",NA,14,2020
"A00..00",NA,15,2020
"A00..00",NA,16,2020
"A00..00",NA,17,2020
"A00..00",NA,18,2020
"A00..00",NA,19,2020
"A00..00",NA,20,2020
"A00..00",NA,21,2020
"A00..00",NA,22,2020
"A00..00",NA,24,2020
"A00..00",NA,25,2020
"A00..00",NA,26,2020
"A00..00",NA,27,2020
"A00..00",NA,28,2020
"A00..00",NA,29,2020
"A00..00",NA,30,2020
"A00..00",NA,31,2020
"A00..00",NA,32,2020
"A00..00",NA,33,2020
"A00..00",NA,34,2020
"A00..00",NA,35,2020
"A00..00",NA,36,2020
"A00..00",NA,37,2020
"A00..00",NA,38,2020
"A00..00",NA,39,2020
"A00..00",NA,40,2020
"A00..00",NA,41,2020
"A00..00",NA,42,2020
"A00..00",NA,43,2020
"A00..00",NA,44,2020
"A00..00",NA,45,2020
"A00..00",NA,46,2020
"A00..00",NA,47,2020
"A00..00",NA,48,2020
"A00..00",NA,49,2020
"A00..00",NA,50,2020
"A00..00",NA,51,2020
"A00..00",NA,52,2020
"A00..00",NA,53,2020
"A01..01",NA,1,2020
"A01..01",NA,2,2020
"A01..01",NA,3,2020
"A01..01",1,4,2020
"A01..01",1,5,2020
"A01..01",NA,6,2020
"A01..01",NA,7,2020
"A01..01",NA,8,2020
"A01..01",NA,9,2020
"A01..01",NA,10,2020
"A01..01",3,11,2020
"A01..01",NA,12,2020
"A01..01",NA,13,2020
"A01..01",NA,14,2020
"A01..01",2,15,2020
"A01..01",NA,16,2020
"A01..01",NA,17,2020
"A01..01",NA,18,2020
"A01..01",NA,19,2020
"A01..01",NA,20,2020
"A01..01",NA,21,2020
"A01..01",NA,22,2020
"A01..01",NA,24,2020
"A01..01",NA,25,2020
"A01..01",NA,26,2020
"A01..01",NA,27,2020
"A01..01",NA,28,2020
"A01..01",NA,29,2020
"A01..01",NA,30,2020
"A01..01",NA,31,2020
"A01..01",NA,32,2020
"A01..01",NA,33,2020
"A01..01",NA,34,2020
"A01..01",NA,35,2020
"A01..01",NA,36,2020
"A01..01",NA,37,2020
"A01..01",NA,38,2020
"A01..01",NA,39,2020
"A01..01",NA,40,2020
"A01..01",1,41,2020
"A01..01",NA,42,2020
"A01..01",NA,43,2020
"A01..01",NA,44,2020
"A01..01",NA,45,2020
"A01..01",NA,46,2020
"A01..01",NA,47,2020
"A01..01",NA,48,2020
"A01..01",NA,49,2020
"A01..01",1,50,2020
"A01..01",NA,51,2020
"A01..01",NA,52,2020
"A01..01",NA,53,2020
"A02..02",NA,1,2020
"A02..02",NA,2,2020
"A02..02",NA,3,2020
"A02..02",NA,4,2020
"A02..02",NA,5,2020
"A02..02",NA,6,2020
"A02..02",NA,7,2020
"A02..02",NA,8,2020
"A02..02",NA,9,2020
"A02..02",1,10,2020
"A02..02",NA,11,2020
"A02..02",NA,12,2020
"A02..02",NA,13,2020
"A02..02",NA,14,2020
"A02..02",NA,15,2020
"A02..02",NA,16,2020
"A02..02",NA,17,2020
"A02..02",1,18,2020
"A02..02",NA,19,2020
"A02..02",NA,20,2020
"A02..02",NA,21,2020
"A02..02",NA,22,2020
"A02..02",NA,24,2020
"A02..02",NA,25,2020
"A02..02",NA,26,2020
"A02..02",NA,27,2020
"A02..02",NA,28,2020
"A02..02",NA,29,2020
"A02..02",NA,30,2020
"A02..02",NA,31,2020
"A02..02",NA,32,2020
"A02..02",NA,33,2020
"A02..02",NA,34,2020
"A02..02",NA,35,2020
"A02..02",NA,36,2020
"A02..02",NA,37,2020
"A02..02",NA,38,2020
"A02..02",NA,39,2020
"A02..02",NA,40,2020
"A02..02",NA,41,2020
"A02..02",NA,42,2020
"A02..02",NA,43,2020
"A02..02",NA,44,2020
"A02..02",NA,45,2020
"A02..02",NA,46,2020
"A02..02",NA,47,2020
"A02..02",1,48,2020
"A02..02",1,49,2020
"A02..02",NA,50,2020
"A02..02",1,51,2020
"A02..02",NA,52,2020
"A02..02",NA,53,2020
"A03..03",NA,1,2020
"A03..03",NA,2,2020
"A03..03",1,3,2020
"A03..03",1,4,2020
"A03..03",NA,5,2020
"A03..03",NA,6,2020
"A03..03",1,7,2020
"A03..03",NA,8,2020
"A03..03",1,9,2020
"A03..03",NA,10,2020
"A03..03",NA,11,2020
"A03..03",NA,12,2020
"A03..03",NA,13,2020
"A03..03",NA,14,2020
"A03..03",NA,15,2020
"A03..03",NA,16,2020
"A03..03",NA,17,2020
"A03..03",NA,18,2020
"A03..03",NA,19,2020
"A03..03",NA,20,2020
"A03..03",NA,21,2020
"A03..03",NA,22,2020
"A03..03",NA,24,2020
"A03..03",NA,25,2020
"A03..03",NA,26,2020
"A03..03",NA,27,2020
"A03..03",NA,28,2020
"A03..03",NA,29,2020
"A03..03",NA,30,2020
"A03..03",NA,31,2020
"A03..03",NA,32,2020
"A03..03",NA,33,2020
"A03..03",NA,34,2020
"A03..03",NA,35,2020
"A03..03",NA,36,2020
"A03..03",NA,37,2020
"A03..03",NA,38,2020
"A03..03",NA,39,2020
"A03..03",NA,40,2020
"A03..03",NA,41,2020
"A03..03",NA,42,2020
"A03..03",NA,43,2020
"A03..03",NA,44,2020
"A03..03",NA,45,2020
"A03..03",NA,46,2020
"A03..03",NA,47,2020
"A03..03",NA,48,2020
"A03..03",NA,49,2020
"A03..03",NA,50,2020
"A03..03",NA,51,2020
"A03..03",NA,52,2020
"A03..03",1,53,2020
"A04..04",NA,1,2020
"A04..04",NA,2,2020
"A04..04",NA,3,2020
"A04..04",NA,4,2020
"A04..04",NA,5,2020
"A04..04",NA,6,2020
"A04..04",NA,7,2020
"A04..04",NA,8,2020
"A04..04",NA,9,2020
"A04..04",NA,10,2020
"A04..04",NA,11,2020
"A04..04",NA,12,2020
"A04..04",NA,13,2020
"A04..04",NA,14,2020
"A04..04",NA,15,2020
"A04..04",NA,16,2020
"A04..04",NA,17,2020
"A04..04",NA,18,2020
"A04..04",NA,19,2020
"A04..04",NA,20,2020
"A04..04",NA,21,2020
"A04..04",NA,22,2020
"A04..04",NA,24,2020
"A04..04",NA,25,2020
"A04..04",NA,26,2020
"A04..04",NA,27,2020
"A04..04",NA,28,2020
"A04..04",NA,29,2020
"A04..04",NA,30,2020
"A04..04",NA,31,2020
"A04..04",NA,32,2020
"A04..04",NA,33,2020
"A04..04",1,34,2020
"A04..04",NA,35,2020
"A04..04",NA,36,2020
"A04..04",NA,37,2020
"A04..04",NA,38,2020
"A04..04",NA,39,2020
"A04..04",NA,40,2020
"A04..04",NA,41,2020
"A04..04",NA,42,2020
"A04..04",NA,43,2020
"A04..04",NA,44,2020
"A04..04",NA,45,2020
"A04..04",NA,46,2020
"A04..04",NA,47,2020
"A04..04",NA,48,2020
"A04..04",NA,49,2020
"A04..04",NA,50,2020
"A04..04",NA,51,2020
"A04..04",NA,52,2020
"A04..04",NA,53,2020
"A07..07",NA,1,2020
"A07..07",NA,2,2020
"A07..07",NA,3,2020
"A07..07",NA,4,2020
"A07..07",NA,5,2020
"A07..07",NA,6,2020
"A07..07",NA,7,2020
"A07..07",1,8,2020
"A07..07",NA,9,2020
"A07..07",NA,10,2020
"A07..07",NA,11,2020
"A07..07",NA,12,2020
"A07..07",NA,13,2020
"A07..07",NA,14,2020
"A07..07",NA,15,2020
"A07..07",NA,16,2020
"A07..07",NA,17,2020
"A07..07",NA,18,2020
"A07..07",NA,19,2020
"A07..07",NA,20,2020
"A07..07",NA,21,2020
"A07..07",NA,22,2020
"A07..07",NA,24,2020
"A07..07",NA,25,2020
"A07..07",NA,26,2020
"A07..07",NA,27,2020
"A07..07",NA,28,2020
"A07..07",NA,29,2020
"A07..07",NA,30,2020
"A07..07",NA,31,2020
"A07..07",NA,32,2020
"A07..07",NA,33,2020
"A07..07",NA,34,2020
"A07..07",NA,35,2020
"A07..07",NA,36,2020
"A07..07",NA,37,2020
"A07..07",NA,38,2020
"A07..07",NA,39,2020
"A07..07",NA,40,2020
"A07..07",NA,41,2020
"A07..07",NA,42,2020
"A07..07",NA,43,2020
"A07..07",NA,44,2020
"A07..07",NA,45,2020
"A07..07",NA,46,2020
"A07..07",NA,47,2020
"A07..07",NA,48,2020
"A07..07",NA,49,2020
"A07..07",NA,50,2020
"A07..07",NA,51,2020
"A07..07",NA,52,2020
"A07..07",NA,53,2020
"A13..13",NA,1,2020
"A13..13",NA,2,2020
"A13..13",NA,3,2020
"A13..13",NA,4,2020
"A13..13",NA,5,2020
"A13..13",NA,6,2020
"A13..13",NA,7,2020
"A13..13",NA,8,2020
"A13..13",NA,9,2020
"A13..13",NA,10,2020
"A13..13",NA,11,2020
"A13..13",NA,12,2020
"A13..13",NA,13,2020
"A13..13",NA,14,2020
"A13..13",NA,15,2020
"A13..13",NA,16,2020
"A13..13",NA,17,2020
"A13..13",NA,18,2020
"A13..13",NA,19,2020
"A13..13",NA,20,2020
"A13..13",NA,21,2020
"A13..13",NA,22,2020
"A13..13",NA,24,2020
"A13..13",NA,25,2020
"A13..13",NA,26,2020
"A13..13",NA,27,2020
"A13..13",NA,28,2020
"A13..13",NA,29,2020
"A13..13",NA,30,2020
"A13..13",NA,31,2020
"A13..13",NA,32,2020
"A13..13",NA,33,2020
"A13..13",NA,34,2020
"A13..13",1,35,2020
"A13..13",NA,36,2020
"A13..13",NA,37,2020
"A13..13",NA,38,2020
"A13..13",NA,39,2020
"A13..13",NA,40,2020
"A13..13",NA,41,2020
"A13..13",NA,42,2020
"A13..13",NA,43,2020
"A13..13",NA,44,2020
"A13..13",NA,45,2020
"A13..13",NA,46,2020
"A13..13",NA,47,2020
"A13..13",NA,48,2020
"A13..13",NA,49,2020
"A13..13",NA,50,2020
"A13..13",NA,51,2020
"A13..13",NA,52,2020
"A13..13",NA,53,2020
"A15..15",NA,1,2020
"A15..15",NA,2,2020
"A15..15",NA,3,2020
"A15..15",NA,4,2020
"A15..15",NA,5,2020
"A15..15",NA,6,2020
"A15..15",1,7,2020
"A15..15",NA,8,2020
"A15..15",NA,9,2020
"A15..15",NA,10,2020
"A15..15",NA,11,2020
"A15..15",NA,12,2020
"A15..15",NA,13,2020
"A15..15",NA,14,2020
"A15..15",NA,15,2020
"A15..15",NA,16,2020
"A15..15",NA,17,2020
"A15..15",NA,18,2020
"A15..15",NA,19,2020
"A15..15",NA,20,2020
"A15..15",NA,21,2020
"A15..15",NA,22,2020
"A15..15",NA,24,2020
"A15..15",NA,25,2020
"A15..15",NA,26,2020
"A15..15",NA,27,2020
"A15..15",NA,28,2020
"A15..15",NA,29,2020
"A15..15",NA,30,2020
"A15..15",NA,31,2020
"A15..15",NA,32,2020
"A15..15",NA,33,2020
"A15..15",NA,34,2020
"A15..15",NA,35,2020
"A15..15",NA,36,2020
"A15..15",NA,37,2020
"A15..15",NA,38,2020
"A15..15",NA,39,2020
"A15..15",NA,40,2020
"A15..15",NA,41,2020
"A15..15",NA,42,2020
"A15..15",NA,43,2020
"A15..15",NA,44,2020
"A15..15",NA,45,2020
"A15..15",NA,46,2020
"A15..15",NA,47,2020
"A15..15",NA,48,2020
"A15..15",NA,49,2020
"A15..15",NA,50,2020
"A15..15",NA,51,2020
"A15..15",NA,52,2020
"A15..15",NA,53,2020
"A16..16",NA,1,2020
"A16..16",NA,2,2020
"A16..16",NA,3,2020
"A16..16",NA,4,2020
"A16..16",NA,5,2020
"A16..16",NA,6,2020
"A16..16",NA,7,2020
"A16..16",NA,8,2020
"A16..16",NA,9,2020
"A16..16",NA,10,2020
"A16..16",NA,11,2020
"A16..16",NA,12,2020
"A16..16",NA,13,2020
"A16..16",NA,14,2020
"A16..16",NA,15,2020
"A16..16",NA,16,2020
"A16..16",NA,17,2020
"A16..16",NA,18,2020
"A16..16",NA,19,2020
"A16..16",NA,20,2020
"A16..16",NA,21,2020
"A16..16",NA,22,2020
"A16..16",NA,24,2020
"A16..16",NA,25,2020
"A16..16",NA,26,2020
"A16..16",NA,27,2020
"A16..16",NA,28,2020
"A16..16",NA,29,2020
"A16..16",NA,30,2020
"A16..16",NA,31,2020
"A16..16",NA,32,2020
"A16..16",NA,33,2020
"A16..16",NA,34,2020
"A16..16",NA,35,2020
"A16..16",NA,36,2020
"A16..16",NA,37,2020
"A16..16",NA,38,2020
"A16..16",NA,39,2020
"A16..16",NA,40,2020
"A16..16",1,41,2020
"A16..16",NA,42,2020
"A16..16",NA,43,2020
"A16..16",NA,44,2020
"A16..16",NA,45,2020
"A16..16",NA,46,2020
"A16..16",NA,47,2020
"A16..16",NA,48,2020
"A16..16",NA,49,2020
"A16..16",NA,50,2020
"A16..16",NA,51,2020
"A16..16",NA,52,2020
"A16..16",NA,53,2020
"A21..21",NA,1,2020
"A21..21",NA,2,2020
"A21..21",NA,3,2020
"A21..21",NA,4,2020
"A21..21",NA,5,2020
"A21..21",NA,6,2020
"A21..21",NA,7,2020
"A21..21",NA,8,2020
"A21..21",NA,9,2020
"A21..21",NA,10,2020
"A21..21",NA,11,2020
"A21..21",NA,12,2020
"A21..21",NA,13,2020
"A21..21",NA,14,2020
"A21..21",NA,15,2020
"A21..21",NA,16,2020
"A21..21",NA,17,2020
"A21..21",NA,18,2020
"A21..21",NA,19,2020
"A21..21",NA,20,2020
"A21..21",NA,21,2020
"A21..21",NA,22,2020
"A21..21",NA,24,2020
"A21..21",NA,25,2020
"A21..21",NA,26,2020
"A21..21",NA,27,2020
"A21..21",NA,28,2020
"A21..21",NA,29,2020
"A21..21",NA,30,2020
"A21..21",NA,31,2020
"A21..21",1,32,2020
"A21..21",NA,33,2020
"A21..21",NA,34,2020
"A21..21",NA,35,2020
"A21..21",NA,36,2020
"A21..21",NA,37,2020
"A21..21",NA,38,2020
"A21..21",NA,39,2020
"A21..21",NA,40,2020
"A21..21",NA,41,2020
"A21..21",NA,42,2020
"A21..21",NA,43,2020
"A21..21",NA,44,2020
"A21..21",NA,45,2020
"A21..21",NA,46,2020
"A21..21",NA,47,2020
"A21..21",NA,48,2020
"A21..21",NA,49,2020
"A21..21",NA,50,2020
"A21..21",NA,51,2020
"A21..21",NA,52,2020
"A21..21",NA,53,2020
"A23..23",NA,1,2020
"A23..23",NA,2,2020
"A23..23",NA,3,2020
"A23..23",1,4,2020
"A23..23",NA,5,2020
"A23..23",NA,6,2020
"A23..23",NA,7,2020
"A23..23",NA,8,2020
"A23..23",NA,9,2020
"A23..23",NA,10,2020
"A23..23",NA,11,2020
"A23..23",NA,12,2020
"A23..23",NA,13,2020
"A23..23",NA,14,2020
"A23..23",NA,15,2020
"A23..23",NA,16,2020
"A23..23",NA,17,2020
"A23..23",NA,18,2020
"A23..23",NA,19,2020
"A23..23",NA,20,2020
"A23..23",NA,21,2020
"A23..23",NA,22,2020
"A23..23",NA,24,2020
"A23..23",NA,25,2020
"A23..23",NA,26,2020
"A23..23",NA,27,2020
"A23..23",NA,28,2020
"A23..23",NA,29,2020
"A23..23",NA,30,2020
"A23..23",NA,31,2020
"A23..23",NA,32,2020
"A23..23",NA,33,2020
"A23..23",NA,34,2020
"A23..23",NA,35,2020
"A23..23",NA,36,2020
"A23..23",NA,37,2020
"A23..23",NA,38,2020
"A23..23",NA,39,2020
"A23..23",NA,40,2020
"A23..23",NA,41,2020
"A23..23",NA,42,2020
"A23..23",NA,43,2020
"A23..23",NA,44,2020
"A23..23",NA,45,2020
"A23..23",NA,46,2020
"A23..23",NA,47,2020
"A23..23",NA,48,2020
"A23..23",1,49,2020
"A23..23",NA,50,2020
"A23..23",NA,51,2020
"A23..23",NA,52,2020
"A23..23",NA,53,2020
"A28..28",NA,1,2020
"A28..28",NA,2,2020
"A28..28",NA,3,2020
"A28..28",NA,4,2020
"A28..28",NA,5,2020
"A28..28",NA,6,2020
"A28..28",NA,7,2020
"A28..28",NA,8,2020
"A28..28",1,9,2020
"A28..28",NA,10,2020
"A28..28",NA,11,2020
"A28..28",NA,12,2020
"A28..28",NA,13,2020
"A28..28",NA,14,2020
"A28..28",NA,15,2020
"A28..28",NA,16,2020
"A28..28",NA,17,2020
"A28..28",NA,18,2020
"A28..28",NA,19,2020
"A28..28",NA,20,2020
"A28..28",NA,21,2020
"A28..28",NA,22,2020
"A28..28",NA,24,2020
"A28..28",NA,25,2020
"A28..28",NA,26,2020
"A28..28",NA,27,2020
"A28..28",NA,28,2020
"A28..28",NA,29,2020
"A28..28",NA,30,2020
"A28..28",NA,31,2020
"A28..28",NA,32,2020
"A28..28",NA,33,2020
"A28..28",NA,34,2020
"A28..28",NA,35,2020
"A28..28",NA,36,2020
"A28..28",NA,37,2020
"A28..28",NA,38,2020
"A28..28",NA,39,2020
"A28..28",NA,40,2020
"A28..28",NA,41,2020
"A28..28",NA,42,2020
"A28..28",NA,43,2020
"A28..28",NA,44,2020
"A28..28",NA,45,2020
"A28..28",NA,46,2020
"A28..28",NA,47,2020
"A28..28",NA,48,2020
"A28..28",NA,49,2020
"A28..28",NA,50,2020
"A28..28",NA,51,2020
"A28..28",NA,52,2020
"A28..28",NA,53,2020
"A30..30",NA,1,2020
"A30..30",NA,2,2020
"A30..30",NA,3,2020
"A30..30",NA,4,2020
"A30..30",NA,5,2020
"A30..30",NA,6,2020
"A30..30",NA,7,2020
"A30..30",NA,8,2020
"A30..30",NA,9,2020
"A30..30",NA,10,2020
"A30..30",NA,11,2020
"A30..30",NA,12,2020
"A30..30",NA,13,2020
"A30..30",NA,14,2020
"A30..30",NA,15,2020
"A30..30",NA,16,2020
"A30..30",1,17,2020
"A30..30",NA,18,2020
"A30..30",NA,19,2020
"A30..30",NA,20,2020
"A30..30",NA,21,2020
"A30..30",NA,22,2020
"A30..30",NA,24,2020
"A30..30",NA,25,2020
"A30..30",NA,26,2020
"A30..30",NA,27,2020
"A30..30",NA,28,2020
"A30..30",NA,29,2020
"A30..30",NA,30,2020
"A30..30",NA,31,2020
"A30..30",NA,32,2020
"A30..30",NA,33,2020
"A30..30",NA,34,2020
"A30..30",NA,35,2020
"A30..30",NA,36,2020
"A30..30",NA,37,2020
"A30..30",NA,38,2020
"A30..30",NA,39,2020
"A30..30",NA,40,2020
"A30..30",NA,41,2020
"A30..30",1,42,2020
"A30..30",1,43,2020
"A30..30",NA,44,2020
"A30..30",NA,45,2020
"A30..30",NA,46,2020
"A30..30",NA,47,2020
"A30..30",NA,48,2020
"A30..30",NA,49,2020
"A30..30",NA,50,2020
"A30..30",NA,51,2020
"A30..30",NA,52,2020
"A30..30",NA,53,2020
"A31..31",NA,1,2020
"A31..31",NA,2,2020
"A31..31",NA,3,2020
"A31..31",1,4,2020
"A31..31",NA,5,2020
"A31..31",NA,6,2020
"A31..31",NA,7,2020
"A31..31",NA,8,2020
"A31..31",NA,9,2020
"A31..31",NA,10,2020
"A31..31",NA,11,2020
"A31..31",NA,12,2020
"A31..31",NA,13,2020
"A31..31",NA,14,2020
"A31..31",NA,15,2020
"A31..31",NA,16,2020
"A31..31",NA,17,2020
"A31..31",NA,18,2020
"A31..31",NA,19,2020
"A31..31",NA,20,2020
"A31..31",NA,21,2020
"A31..31",NA,22,2020
"A31..31",NA,24,2020
"A31..31",NA,25,2020
"A31..31",NA,26,2020
"A31..31",NA,27,2020
"A31..31",NA,28,2020
"A31..31",NA,29,2020
"A31..31",NA,30,2020
"A31..31",NA,31,2020
"A31..31",NA,32,2020
"A31..31",NA,33,2020
"A31..31",NA,34,2020
"A31..31",NA,35,2020
"A31..31",NA,36,2020
"A31..31",NA,37,2020
"A31..31",NA,38,2020
"A31..31",NA,39,2020
"A31..31",NA,40,2020
"A31..31",NA,41,2020
"A31..31",NA,42,2020
"A31..31",NA,43,2020
"A31..31",NA,44,2020
"A31..31",NA,45,2020
"A31..31",NA,46,2020
"A31..31",NA,47,2020
"A31..31",NA,48,2020
"A31..31",NA,49,2020
"A31..31",NA,50,2020
"A31..31",NA,51,2020
"A31..31",NA,52,2020
"A31..31",NA,53,2020
"A32..32",NA,1,2020
"A32..32",NA,2,2020
"A32..32",NA,3,2020
"A32..32",NA,4,2020
"A32..32",1,5,2020
"A32..32",NA,6,2020
"A32..32",NA,7,2020
"A32..32",1,8,2020
"A32..32",NA,9,2020
"A32..32",NA,10,2020
"A32..32",1,11,2020
"A32..32",NA,12,2020
"A32..32",NA,13,2020
"A32..32",NA,14,2020
"A32..32",NA,15,2020
"A32..32",NA,16,2020
"A32..32",NA,17,2020
"A32..32",NA,18,2020
"A32..32",NA,19,2020
"A32..32",NA,20,2020
"A32..32",NA,21,2020
"A32..32",NA,22,2020
"A32..32",NA,24,2020
"A32..32",NA,25,2020
"A32..32",NA,26,2020
"A32..32",NA,27,2020
"A32..32",NA,28,2020
"A32..32",NA,29,2020
"A32..32",NA,30,2020
"A32..32",NA,31,2020
"A32..32",NA,32,2020
"A32..32",NA,33,2020
"A32..32",NA,34,2020
"A32..32",NA,35,2020
"A32..32",NA,36,2020
"A32..32",NA,37,2020
"A32..32",NA,38,2020
"A32..32",NA,39,2020
"A32..32",NA,40,2020
"A32..32",NA,41,2020
"A32..32",NA,42,2020
"A32..32",NA,43,2020
"A32..32",NA,44,2020
"A32..32",NA,45,2020
"A32..32",NA,46,2020
"A32..32",NA,47,2020
"A32..32",NA,48,2020
"A32..32",NA,49,2020
"A32..32",NA,50,2020
"A32..32",NA,51,2020
"A32..32",NA,52,2020
"A32..32",NA,53,2020
"A33..33",NA,1,2020
"A33..33",NA,2,2020
"A33..33",NA,3,2020
"A33..33",NA,4,2020
"A33..33",NA,5,2020
"A33..33",NA,6,2020
"A33..33",NA,7,2020
"A33..33",NA,8,2020
"A33..33",NA,9,2020
"A33..33",NA,10,2020
"A33..33",NA,11,2020
"A33..33",NA,12,2020
"A33..33",NA,13,2020
"A33..33",NA,14,2020
"A33..33",NA,15,2020
"A33..33",NA,16,2020
"A33..33",NA,17,2020
"A33..33",NA,18,2020
"A33..33",NA,19,2020
"A33..33",NA,20,2020
"A33..33",NA,21,2020
"A33..33",NA,22,2020
"A33..33",NA,24,2020
"A33..33",NA,25,2020
"A33..33",NA,26,2020
"A33..33",NA,27,2020
"A33..33",NA,28,2020
"A33..33",1,29,2020
"A33..33",NA,30,2020
"A33..33",NA,31,2020
"A33..33",NA,32,2020
"A33..33",NA,33,2020
"A33..33",NA,34,2020
"A33..33",NA,35,2020
"A33..33",NA,36,2020
"A33..33",NA,37,2020
"A33..33",1,38,2020
"A33..33",NA,39,2020
"A33..33",NA,40,2020
"A33..33",NA,41,2020
"A33..33",NA,42,2020
"A33..33",NA,43,2020
"A33..33",NA,44,2020
"A33..33",NA,45,2020
"A33..33",NA,46,2020
"A33..33",NA,47,2020
"A33..33",NA,48,2020
"A33..33",NA,49,2020
"A33..33",NA,50,2020
"A33..33",NA,51,2020
"A33..33",NA,52,2020
"A33..33",NA,53,2020
"A34..34",NA,1,2020
"A34..34",NA,2,2020
"A34..34",NA,3,2020
"A34..34",NA,4,2020
"A34..34",NA,5,2020
"A34..34",NA,6,2020
"A34..34",NA,7,2020
"A34..34",NA,8,2020
"A34..34",NA,9,2020
"A34..34",NA,10,2020
"A34..34",NA,11,2020
"A34..34",NA,12,2020
"A34..34",NA,13,2020
"A34..34",NA,14,2020
"A34..34",NA,15,2020
"A34..34",NA,16,2020
"A34..34",NA,17,2020
"A34..34",NA,18,2020
"A34..34",NA,19,2020
"A34..34",NA,20,2020
"A34..34",NA,21,2020
"A34..34",NA,22,2020
"A34..34",NA,24,2020
"A34..34",NA,25,2020
"A34..34",NA,26,2020
"A34..34",NA,27,2020
"A34..34",NA,28,2020
"A34..34",NA,29,2020
"A34..34",NA,30,2020
"A34..34",NA,31,2020
"A34..34",NA,32,2020
"A34..34",NA,33,2020
"A34..34",NA,34,2020
"A34..34",NA,35,2020
"A34..34",NA,36,2020
"A34..34",1,37,2020
"A34..34",NA,38,2020
"A34..34",NA,39,2020
"A34..34",NA,40,2020
"A34..34",NA,41,2020
"A34..34",NA,42,2020
"A34..34",NA,43,2020
"A34..34",1,44,2020
"A34..34",NA,45,2020
"A34..34",NA,46,2020
"A34..34",NA,47,2020
"A34..34",NA,48,2020
"A34..34",1,49,2020
"A34..34",NA,50,2020
"A34..34",NA,51,2020
"A34..34",NA,52,2020
"A34..34",NA,53,2020
"A35..35",1,1,2020
"A35..35",NA,2,2020
"A35..35",NA,3,2020
"A35..35",NA,4,2020
"A35..35",NA,5,2020
"A35..35",NA,6,2020
"A35..35",NA,7,2020
"A35..35",NA,8,2020
"A35..35",2,9,2020
"A35..35",NA,10,2020
"A35..35",NA,11,2020
"A35..35",NA,12,2020
"A35..35",NA,13,2020
"A35..35",NA,14,2020
"A35..35",NA,15,2020
"A35..35",NA,16,2020
"A35..35",NA,17,2020
"A35..35",NA,18,2020
"A35..35",NA,19,2020
"A35..35",NA,20,2020
"A35..35",NA,21,2020
"A35..35",NA,22,2020
"A35..35",NA,24,2020
"A35..35",NA,25,2020
"A35..35",NA,26,2020
"A35..35",NA,27,2020
"A35..35",NA,28,2020
"A35..35",NA,29,2020
"A35..35",NA,30,2020
"A35..35",NA,31,2020
"A35..35",NA,32,2020
"A35..35",NA,33,2020
"A35..35",NA,34,2020
"A35..35",NA,35,2020
"A35..35",NA,36,2020
"A35..35",NA,37,2020
"A35..35",NA,38,2020
"A35..35",NA,39,2020
"A35..35",NA,40,2020
"A35..35",1,41,2020
"A35..35",NA,42,2020
"A35..35",NA,43,2020
"A35..35",NA,44,2020
"A35..35",NA,45,2020
"A35..35",NA,46,2020
"A35..35",NA,47,2020
"A35..35",NA,48,2020
"A35..35",NA,49,2020
"A35..35",NA,50,2020
"A35..35",NA,51,2020
"A35..35",NA,52,2020
"A35..35",NA,53,2020
"A36..36",NA,1,2020
"A36..36",NA,2,2020
"A36..36",NA,3,2020
"A36..36",NA,4,2020
"A36..36",NA,5,2020
"A36..36",NA,6,2020
"A36..36",NA,7,2020
"A36..36",NA,8,2020
"A36..36",NA,9,2020
"A36..36",1,10,2020
"A36..36",NA,11,2020
"A36..36",NA,12,2020
"A36..36",NA,13,2020
"A36..36",NA,14,2020
"A36..36",NA,15,2020
"A36..36",NA,16,2020
"A36..36",NA,17,2020
"A36..36",NA,18,2020
"A36..36",NA,19,2020
"A36..36",NA,20,2020
"A36..36",NA,21,2020
"A36..36",NA,22,2020
"A36..36",NA,24,2020
"A36..36",NA,25,2020
"A36..36",NA,26,2020
"A36..36",NA,27,2020
"A36..36",1,28,2020
"A36..36",NA,29,2020
"A36..36",NA,30,2020
"A36..36",NA,31,2020
"A36..36",NA,32,2020
"A36..36",NA,33,2020
"A36..36",NA,34,2020
"A36..36",NA,35,2020
"A36..36",NA,36,2020
"A36..36",NA,37,2020
"A36..36",NA,38,2020
"A36..36",NA,39,2020
"A36..36",NA,40,2020
"A36..36",NA,41,2020
"A36..36",NA,42,2020
"A36..36",NA,43,2020
"A36..36",1,44,2020
"A36..36",1,45,2020
"A36..36",NA,46,2020
"A36..36",NA,47,2020
"A36..36",NA,48,2020
"A36..36",1,49,2020
"A36..36",NA,50,2020
"A36..36",NA,51,2020
"A36..36",NA,52,2020
"A36..36",NA,53,2020
"A38..38",NA,1,2020
"A38..38",NA,2,2020
"A38..38",NA,3,2020
"A38..38",NA,4,2020
"A38..38",NA,5,2020
"A38..38",NA,6,2020
"A38..38",NA,7,2020
"A38..38",NA,8,2020
"A38..38",NA,9,2020
"A38..38",NA,10,2020
"A38..38",NA,11,2020
"A38..38",NA,12,2020
"A38..38",NA,13,2020
"A38..38",NA,14,2020
"A38..38",NA,15,2020
"A38..38",NA,16,2020
"A38..38",NA,17,2020
"A38..38",NA,18,2020
"A38..38",NA,19,2020
"A38..38",NA,20,2020
"A38..38",NA,21,2020
"A38..38",NA,22,2020
"A38..38",NA,24,2020
"A38..38",1,25,2020
"A38..38",NA,26,2020
"A38..38",NA,27,2020
"A38..38",NA,28,2020
"A38..38",NA,29,2020
"A38..38",NA,30,2020
"A38..38",NA,31,2020
"A38..38",NA,32,2020
"A38..38",NA,33,2020
"A38..38",NA,34,2020
"A38..38",NA,35,2020
"A38..38",NA,36,2020
"A38..38",NA,37,2020
"A38..38",NA,38,2020
"A38..38",NA,39,2020
"A38..38",NA,40,2020
"A38..38",NA,41,2020
"A38..38",1,42,2020
"A38..38",NA,43,2020
"A38..38",NA,44,2020
"A38..38",NA,45,2020
"A38..38",NA,46,2020
"A38..38",NA,47,2020
"A38..38",NA,48,2020
"A38..38",NA,49,2020
"A38..38",NA,50,2020
"A38..38",NA,51,2020
"A38..38",NA,52,2020
"A38..38",NA,53,2020
"A39..39",NA,1,2020
"A39..39",NA,2,2020
"A39..39",NA,3,2020
"A39..39",NA,4,2020
"A39..39",NA,5,2020
"A39..39",1,6,2020
"A39..39",NA,7,2020
"A39..39",NA,8,2020
"A39..39",NA,9,2020
"A39..39",NA,10,2020
"A39..39",NA,11,2020
"A39..39",NA,12,2020
"A39..39",NA,13,2020
"A39..39",NA,14,2020
"A39..39",NA,15,2020
"A39..39",NA,16,2020
"A39..39",1,17,2020
"A39..39",1,18,2020
"A39..39",NA,19,2020
"A39..39",NA,20,2020
"A39..39",NA,21,2020
"A39..39",NA,22,2020
"A39..39",NA,24,2020
"A39..39",NA,25,2020
"A39..39",NA,26,2020
"A39..39",NA,27,2020
"A39..39",NA,28,2020
"A39..39",NA,29,2020
"A39..39",NA,30,2020
"A39..39",NA,31,2020
"A39..39",NA,32,2020
"A39..39",NA,33,2020
"A39..39",1,34,2020
"A39..39",NA,35,2020
"A39..39",NA,36,2020
"A39..39",NA,37,2020
"A39..39",NA,38,2020
"A39..39",NA,39,2020
"A39..39",NA,40,2020
"A39..39",NA,41,2020
"A39..39",NA,42,2020
"A39..39",NA,43,2020
"A39..39",NA,44,2020
"A39..39",NA,45,2020
"A39..39",NA,46,2020
"A39..39",NA,47,2020
"A39..39",NA,48,2020
"A39..39",NA,49,2020
"A39..39",1,50,2020
"A39..39",NA,51,2020
"A39..39",NA,52,2020
"A39..39",NA,53,2020
"A40..40",NA,1,2020
"A40..40",1,2,2020
"A40..40",NA,3,2020
"A40..40",NA,4,2020
"A40..40",NA,5,2020
"A40..40",NA,6,2020
"A40..40",1,7,2020
"A40..40",NA,8,2020
"A40..40",NA,9,2020
"A40..40",1,10,2020
"A40..40",NA,11,2020
"A40..40",NA,12,2020
"A40..40",NA,13,2020
"A40..40",NA,14,2020
"A40..40",NA,15,2020
"A40..40",NA,16,2020
"A40..40",NA,17,2020
"A40..40",NA,18,2020
"A40..40",NA,19,2020
"A40..40",NA,20,2020
"A40..40",NA,21,2020
"A40..40",NA,22,2020
"A40..40",NA,24,2020
"A40..40",NA,25,2020
"A40..40",NA,26,2020
"A40..40",NA,27,2020
"A40..40",NA,28,2020
"A40..40",NA,29,2020
"A40..40",NA,30,2020
"A40..40",NA,31,2020
"A40..40",NA,32,2020
"A40..40",NA,33,2020
"A40..40",NA,34,2020
"A40..40",NA,35,2020
"A40..40",NA,36,2020
"A40..40",NA,37,2020
"A40..40",NA,38,2020
"A40..40",NA,39,2020
"A40..40",NA,40,2020
"A40..40",NA,41,2020
"A40..40",NA,42,2020
"A40..40",NA,43,2020
"A40..40",NA,44,2020
"A40..40",NA,45,2020
"A40..40",NA,46,2020
"A40..40",NA,47,2020
"A40..40",NA,48,2020
"A40..40",NA,49,2020
"A40..40",NA,50,2020
"A40..40",1,51,2020
"A40..40",NA,52,2020
"A40..40",NA,53,2020
"A41..41",NA,1,2020
"A41..41",NA,2,2020
"A41..41",NA,3,2020
"A41..41",NA,4,2020
"A41..41",NA,5,2020
"A41..41",NA,6,2020
"A41..41",NA,7,2020
"A41..41",NA,8,2020
"A41..41",NA,9,2020
"A41..41",NA,10,2020
"A41..41",NA,11,2020
"A41..41",1,12,2020
"A41..41",NA,13,2020
"A41..41",NA,14,2020
"A41..41",NA,15,2020
"A41..41",NA,16,2020
"A41..41",NA,17,2020
"A41..41",NA,18,2020
"A41..41",NA,19,2020
"A41..41",NA,20,2020
"A41..41",NA,21,2020
"A41..41",NA,22,2020
"A41..41",NA,24,2020
"A41..41",NA,25,2020
"A41..41",NA,26,2020
"A41..41",NA,27,2020
"A41..41",NA,28,2020
"A41..41",NA,29,2020
"A41..41",NA,30,2020
"A41..41",NA,31,2020
"A41..41",NA,32,2020
"A41..41",NA,33,2020
"A41..41",1,34,2020
"A41..41",NA,35,2020
"A41..41",NA,36,2020
"A41..41",NA,37,2020
"A41..41",NA,38,2020
"A41..41",NA,39,2020
"A41..41",NA,40,2020
"A41..41",NA,41,2020
"A41..41",1,42,2020
"A41..41",NA,43,2020
"A41..41",NA,44,2020
"A41..41",NA,45,2020
"A41..41",NA,46,2020
"A41..41",NA,47,2020
"A41..41",NA,48,2020
"A41..41",NA,49,2020
"A41..41",1,50,2020
"A41..41",1,51,2020
"A41..41",NA,52,2020
"A41..41",NA,53,2020
"A42..42",NA,1,2020
"A42..42",NA,2,2020
"A42..42",NA,3,2020
"A42..42",NA,4,2020
"A42..42",NA,5,2020
"A42..42",NA,6,2020
"A42..42",NA,7,2020
"A42..42",1,8,2020
"A42..42",NA,9,2020
"A42..42",NA,10,2020
"A42..42",NA,11,2020
"A42..42",NA,12,2020
"A42..42",NA,13,2020
"A42..42",NA,14,2020
"A42..42",NA,15,2020
"A42..42",NA,16,2020
"A42..42",NA,17,2020
"A42..42",NA,18,2020
"A42..42",NA,19,2020
"A42..42",NA,20,2020
"A42..42",NA,21,2020
"A42..42",NA,22,2020
"A42..42",NA,24,2020
"A42..42",NA,25,2020
"A42..42",NA,26,2020
"A42..42",NA,27,2020
"A42..42",NA,28,2020
"A42..42",NA,29,2020
"A42..42",NA,30,2020
"A42..42",NA,31,2020
"A42..42",NA,32,2020
"A42..42",NA,33,2020
"A42..42",NA,34,2020
"A42..42",NA,35,2020
"A42..42",NA,36,2020
"A42..42",NA,37,2020
"A42..42",NA,38,2020
"A42..42",NA,39,2020
"A42..42",NA,40,2020
"A42..42",NA,41,2020
"A42..42",NA,42,2020
"A42..42",NA,43,2020
"A42..42",1,44,2020
"A42..42",NA,45,2020
"A42..42",NA,46,2020
"A42..42",NA,47,2020
"A42..42",NA,48,2020
"A42..42",NA,49,2020
"A42..42",NA,50,2020
"A42..42",NA,51,2020
"A42..42",NA,52,2020
"A42..42",NA,53,2020
"A43..43",2,1,2020
"A43..43",NA,2,2020
"A43..43",NA,3,2020
"A43..43",NA,4,2020
"A43..43",NA,5,2020
"A43..43",NA,6,2020
"A43..43",NA,7,2020
"A43..43",NA,8,2020
"A43..43",NA,9,2020
"A43..43",NA,10,2020
"A43..43",1,11,2020
"A43..43",1,12,2020
"A43..43",NA,13,2020
"A43..43",NA,14,2020
"A43..43",NA,15,2020
"A43..43",NA,16,2020
"A43..43",NA,17,2020
"A43..43",NA,18,2020
"A43..43",NA,19,2020
"A43..43",NA,20,2020
"A43..43",NA,21,2020
"A43..43",NA,22,2020
"A43..43",NA,24,2020
"A43..43",NA,25,2020
"A43..43",NA,26,2020
"A43..43",NA,27,2020
"A43..43",NA,28,2020
"A43..43",NA,29,2020
"A43..43",NA,30,2020
"A43..43",NA,31,2020
"A43..43",NA,32,2020
"A43..43",NA,33,2020
"A43..43",NA,34,2020
"A43..43",NA,35,2020
"A43..43",NA,36,2020
"A43..43",NA,37,2020
"A43..43",NA,38,2020
"A43..43",NA,39,2020
"A43..43",NA,40,2020
"A43..43",NA,41,2020
"A43..43",NA,42,2020
"A43..43",NA,43,2020
"A43..43",1,44,2020
"A43..43",NA,45,2020
"A43..43",NA,46,2020
"A43..43",NA,47,2020
"A43..43",NA,48,2020
"A43..43",NA,49,2020
"A43..43",NA,50,2020
"A43..43",NA,51,2020
"A43..43",NA,52,2020
"A43..43",NA,53,2020
"A44..44",1,1,2020
"A44..44",NA,2,2020
"A44..44",NA,3,2020
"A44..44",NA,4,2020
"A44..44",NA,5,2020
"A44..44",NA,6,2020
"A44..44",NA,7,2020
"A44..44",NA,8,2020
"A44..44",1,9,2020
"A44..44",NA,10,2020
"A44..44",NA,11,2020
"A44..44",NA,12,2020
"A44..44",NA,13,2020
"A44..44",NA,14,2020
"A44..44",NA,15,2020
"A44..44",NA,16,2020
"A44..44",NA,17,2020
"A44..44",NA,18,2020
"A44..44",NA,19,2020
"A44..44",1,20,2020
"A44..44",NA,21,2020
"A44..44",NA,22,2020
"A44..44",NA,24,2020
"A44..44",NA,25,2020
"A44..44",NA,26,2020
"A44..44",NA,27,2020
"A44..44",NA,28,2020
"A44..44",NA,29,2020
"A44..44",NA,30,2020
"A44..44",NA,31,2020
"A44..44",NA,32,2020
"A44..44",NA,33,2020
"A44..44",NA,34,2020
"A44..44",NA,35,2020
"A44..44",NA,36,2020
"A44..44",NA,37,2020
"A44..44",NA,38,2020
"A44..44",NA,39,2020
"A44..44",NA,40,2020
"A44..44",NA,41,2020
"A44..44",NA,42,2020
"A44..44",NA,43,2020
"A44..44",NA,44,2020
"A44..44",NA,45,2020
"A44..44",NA,46,2020
"A44..44",NA,47,2020
"A44..44",NA,48,2020
"A44..44",NA,49,2020
"A44..44",NA,50,2020
"A44..44",NA,51,2020
"A44..44",NA,52,2020
"A44..44",NA,53,2020
"A45..45",NA,1,2020
"A45..45",NA,2,2020
"A45..45",NA,3,2020
"A45..45",NA,4,2020
"A45..45",NA,5,2020
"A45..45",NA,6,2020
"A45..45",1,7,2020
"A45..45",NA,8,2020
"A45..45",NA,9,2020
"A45..45",NA,10,2020
"A45..45",NA,11,2020
"A45..45",NA,12,2020
"A45..45",NA,13,2020
"A45..45",NA,14,2020
"A45..45",NA,15,2020
"A45..45",NA,16,2020
"A45..45",NA,17,2020
"A45..45",NA,18,2020
"A45..45",NA,19,2020
"A45..45",NA,20,2020
"A45..45",NA,21,2020
"A45..45",NA,22,2020
"A45..45",NA,24,2020
"A45..45",NA,25,2020
"A45..45",NA,26,2020
"A45..45",NA,27,2020
"A45..45",NA,28,2020
"A45..45",NA,29,2020
"A45..45",NA,30,2020
"A45..45",NA,31,2020
"A45..45",NA,32,2020
"A45..45",NA,33,2020
"A45..45",NA,34,2020
"A45..45",NA,35,2020
"A45..45",NA,36,2020
"A45..45",NA,37,2020
"A45..45",NA,38,2020
"A45..45",NA,39,2020
"A45..45",NA,40,2020
"A45..45",NA,41,2020
"A45..45",NA,42,2020
"A45..45",NA,43,2020
"A45..45",NA,44,2020
"A45..45",NA,45,2020
"A45..45",NA,46,2020
"A45..45",NA,47,2020
"A45..45",NA,48,2020
"A45..45",NA,49,2020
"A45..45",NA,50,2020
"A45..45",NA,51,2020
"A45..45",NA,52,2020
"A45..45",NA,53,2020
"A46..46",NA,1,2020
"A46..46",NA,2,2020
"A46..46",NA,3,2020
"A46..46",NA,4,2020
"A46..46",NA,5,2020
"A46..46",NA,6,2020
"A46..46",NA,7,2020
"A46..46",NA,8,2020
"A46..46",1,9,2020
"A46..46",NA,10,2020
"A46..46",NA,11,2020
"A46..46",NA,12,2020
"A46..46",NA,13,2020
"A46..46",NA,14,2020
"A46..46",NA,15,2020
"A46..46",NA,16,2020
"A46..46",NA,17,2020
"A46..46",NA,18,2020
"A46..46",NA,19,2020
"A46..46",NA,20,2020
"A46..46",NA,21,2020
"A46..46",NA,22,2020
"A46..46",NA,24,2020
"A46..46",NA,25,2020
"A46..46",NA,26,2020
"A46..46",NA,27,2020
"A46..46",NA,28,2020
"A46..46",NA,29,2020
"A46..46",NA,30,2020
"A46..46",NA,31,2020
"A46..46",NA,32,2020
"A46..46",NA,33,2020
"A46..46",NA,34,2020
"A46..46",NA,35,2020
"A46..46",NA,36,2020
"A46..46",NA,37,2020
"A46..46",NA,38,2020
"A46..46",NA,39,2020
"A46..46",NA,40,2020
"A46..46",NA,41,2020
"A46..46",NA,42,2020
"A46..46",NA,43,2020
"A46..46",1,44,2020
"A46..46",NA,45,2020
"A46..46",NA,46,2020
"A46..46",NA,47,2020
"A46..46",NA,48,2020
"A46..46",NA,49,2020
"A46..46",NA,50,2020
"A46..46",NA,51,2020
"A46..46",NA,52,2020
"A46..46",NA,53,2020
"A47..47",NA,1,2020
"A47..47",NA,2,2020
"A47..47",NA,3,2020
"A47..47",NA,4,2020
"A47..47",NA,5,2020
"A47..47",NA,6,2020
"A47..47",NA,7,2020
"A47..47",NA,8,2020
"A47..47",NA,9,2020
"A47..47",NA,10,2020
"A47..47",NA,11,2020
"A47..47",NA,12,2020
"A47..47",NA,13,2020
"A47..47",NA,14,2020
"A47..47",NA,15,2020
"A47..47",NA,16,2020
"A47..47",NA,17,2020
"A47..47",NA,18,2020
"A47..47",NA,19,2020
"A47..47",NA,20,2020
"A47..47",NA,21,2020
"A47..47",NA,22,2020
"A47..47",NA,24,2020
"A47..47",NA,25,2020
"A47..47",NA,26,2020
"A47..47",NA,27,2020
"A47..47",NA,28,2020
"A47..47",NA,29,2020
"A47..47",NA,30,2020
"A47..47",NA,31,2020
"A47..47",NA,32,2020
"A47..47",NA,33,2020
"A47..47",NA,34,2020
"A47..47",NA,35,2020
"A47..47",NA,36,2020
"A47..47",NA,37,2020
"A47..47",NA,38,2020
"A47..47",NA,39,2020
"A47..47",NA,40,2020
"A47..47",NA,41,2020
"A47..47",NA,42,2020
"A47..47",NA,43,2020
"A47..47",NA,44,2020
"A47..47",NA,45,2020
"A47..47",1,46,2020
"A47..47",NA,47,2020
"A47..47",NA,48,2020
"A47..47",NA,49,2020
"A47..47",NA,50,2020
"A47..47",NA,51,2020
"A47..47",NA,52,2020
"A47..47",NA,53,2020
"A48..48",NA,1,2020
"A48..48",NA,2,2020
"A48..48",NA,3,2020
"A48..48",NA,4,2020
"A48..48",NA,5,2020
"A48..48",NA,6,2020
"A48..48",NA,7,2020
"A48..48",NA,8,2020
"A48..48",NA,9,2020
"A48..48",NA,10,2020
"A48..48",NA,11,2020
"A48..48",NA,12,2020
"A48..48",NA,13,2020
"A48..48",1,14,2020
"A48..48",NA,15,2020
"A48..48",NA,16,2020
"A48..48",NA,17,2020
"A48..48",NA,18,2020
"A48..48",NA,19,2020
"A48..48",NA,20,2020
"A48..48",1,21,2020
"A48..48",NA,22,2020
"A48..48",NA,24,2020
"A48..48",NA,25,2020
"A48..48",NA,26,2020
"A48..48",NA,27,2020
"A48..48",NA,28,2020
"A48..48",NA,29,2020
"A48..48",NA,30,2020
"A48..48",NA,31,2020
"A48..48",NA,32,2020
"A48..48",NA,33,2020
"A48..48",NA,34,2020
"A48..48",NA,35,2020
"A48..48",1,36,2020
"A48..48",NA,37,2020
"A48..48",NA,38,2020
"A48..48",NA,39,2020
"A48..48",NA,40,2020
"A48..48",NA,41,2020
"A48..48",NA,42,2020
"A48..48",NA,43,2020
"A48..48",1,44,2020
"A48..48",NA,45,2020
"A48..48",NA,46,2020
"A48..48",NA,47,2020
"A48..48",NA,48,2020
"A48..48",NA,49,2020
"A48..48",NA,50,2020
"A48..48",NA,51,2020
"A48..48",NA,52,2020
"A48..48",NA,53,2020
"A49..49",NA,1,2020
"A49..49",NA,2,2020
"A49..49",NA,3,2020
"A49..49",NA,4,2020
"A49..49",NA,5,2020
"A49..49",1,6,2020
"A49..49",NA,7,2020
"A49..49",NA,8,2020
"A49..49",NA,9,2020
"A49..49",NA,10,2020
"A49..49",1,11,2020
"A49..49",1,12,2020
"A49..49",NA,13,2020
"A49..49",NA,14,2020
"A49..49",NA,15,2020
"A49..49",NA,16,2020
"A49..49",NA,17,2020
"A49..49",NA,18,2020
"A49..49",NA,19,2020
"A49..49",NA,20,2020
"A49..49",NA,21,2020
"A49..49",NA,22,2020
"A49..49",NA,24,2020
"A49..49",NA,25,2020
"A49..49",NA,26,2020
"A49..49",NA,27,2020
"A49..49",NA,28,2020
"A49..49",NA,29,2020
"A49..49",NA,30,2020
"A49..49",NA,31,2020
"A49..49",NA,32,2020
"A49..49",NA,33,2020
"A49..49",NA,34,2020
"A49..49",NA,35,2020
"A49..49",NA,36,2020
"A49..49",NA,37,2020
"A49..49",NA,38,2020
"A49..49",NA,39,2020
"A49..49",NA,40,2020
"A49..49",NA,41,2020
"A49..49",NA,42,2020
"A49..49",NA,43,2020
"A49..49",NA,44,2020
"A49..49",NA,45,2020
"A49..49",NA,46,2020
"A49..49",NA,47,2020
"A49..49",NA,48,2020
"A49..49",NA,49,2020
"A49..49",NA,50,2020
"A49..49",NA,51,2020
"A49..49",NA,52,2020
"A49..49",NA,53,2020
"A50..50",NA,1,2020
"A50..50",1,2,2020
"A50..50",NA,3,2020
"A50..50",NA,4,2020
"A50..50",NA,5,2020
"A50..50",NA,6,2020
"A50..50",NA,7,2020
"A50..50",NA,8,2020
"A50..50",1,9,2020
"A50..50",NA,10,2020
"A50..50",NA,11,2020
"A50..50",NA,12,2020
"A50..50",NA,13,2020
"A50..50",NA,14,2020
"A50..50",1,15,2020
"A50..50",NA,16,2020
"A50..50",NA,17,2020
"A50..50",NA,18,2020
"A50..50",NA,19,2020
"A50..50",NA,20,2020
"A50..50",1,21,2020
"A50..50",1,22,2020
"A50..50",NA,24,2020
"A50..50",NA,25,2020
"A50..50",NA,26,2020
"A50..50",NA,27,2020
"A50..50",NA,28,2020
"A50..50",NA,29,2020
"A50..50",NA,30,2020
"A50..50",NA,31,2020
"A50..50",NA,32,2020
"A50..50",1,33,2020
"A50..50",NA,34,2020
"A50..50",NA,35,2020
"A50..50",NA,36,2020
"A50..50",NA,37,2020
"A50..50",NA,38,2020
"A50..50",NA,39,2020
"A50..50",NA,40,2020
"A50..50",NA,41,2020
"A50..50",NA,42,2020
"A50..50",NA,43,2020
"A50..50",1,44,2020
"A50..50",NA,45,2020
"A50..50",NA,46,2020
"A50..50",NA,47,2020
"A50..50",NA,48,2020
"A50..50",NA,49,2020
"A50..50",NA,50,2020
"A50..50",NA,51,2020
"A50..50",NA,52,2020
"A50..50",NA,53,2020
"A51..51",NA,1,2020
"A51..51",NA,2,2020
"A51..51",NA,3,2020
"A51..51",NA,4,2020
"A51..51",NA,5,2020
"A51..51",NA,6,2020
"A51..51",NA,7,2020
"A51..51",NA,8,2020
"A51..51",2,9,2020
"A51..51",NA,10,2020
"A51..51",NA,11,2020
"A51..51",NA,12,2020
"A51..51",NA,13,2020
"A51..51",NA,14,2020
"A51..51",NA,15,2020
"A51..51",1,16,2020
"A51..51",NA,17,2020
"A51..51",NA,18,2020
"A51..51",NA,19,2020
"A51..51",NA,20,2020
"A51..51",NA,21,2020
"A51..51",NA,22,2020
"A51..51",NA,24,2020
"A51..51",NA,25,2020
"A51..51",NA,26,2020
"A51..51",NA,27,2020
"A51..51",NA,28,2020
"A51..51",NA,29,2020
"A51..51",NA,30,2020
"A51..51",NA,31,2020
"A51..51",NA,32,2020
"A51..51",NA,33,2020
"A51..51",NA,34,2020
"A51..51",NA,35,2020
"A51..51",NA,36,2020
"A51..51",NA,37,2020
"A51..51",NA,38,2020
"A51..51",NA,39,2020
"A51..51",NA,40,2020
"A51..51",NA,41,2020
"A51..51",NA,42,2020
"A51..51",NA,43,2020
"A51..51",NA,44,2020
"A51..51",NA,45,2020
"A51..51",NA,46,2020
"A51..51",1,47,2020
"A51..51",NA,48,2020
"A51..51",NA,49,2020
"A51..51",NA,50,2020
"A51..51",NA,51,2020
"A51..51",1,52,2020
"A51..51",NA,53,2020
"A52..52",NA,1,2020
"A52..52",NA,2,2020
"A52..52",1,3,2020
"A52..52",NA,4,2020
"A52..52",1,5,2020
"A52..52",NA,6,2020
"A52..52",NA,7,2020
"A52..52",NA,8,2020
"A52..52",1,9,2020
"A52..52",NA,10,2020
"A52..52",1,11,2020
"A52..52",NA,12,2020
"A52..52",NA,13,2020
"A52..52",NA,14,2020
"A52..52",NA,15,2020
"A52..52",NA,16,2020
"A52..52",NA,17,2020
"A52..52",NA,18,2020
"A52..52",1,19,2020
"A52..52",NA,20,2020
"A52..52",NA,21,2020
"A52..52",NA,22,2020
"A52..52",NA,24,2020
"A52..52",NA,25,2020
"A52..52",NA,26,2020
"A52..52",NA,27,2020
"A52..52",NA,28,2020
"A52..52",NA,29,2020
"A52..52",NA,30,2020
"A52..52",NA,31,2020
"A52..52",NA,32,2020
"A52..52",NA,33,2020
"A52..52",NA,34,2020
"A52..52",NA,35,2020
"A52..52",1,36,2020
"A52..52",NA,37,2020
"A52..52",NA,38,2020
"A52..52",NA,39,2020
"A52..52",NA,40,2020
"A52..52",NA,41,2020
"A52..52",NA,42,2020
"A52..52",NA,43,2020
"A52..52",NA,44,2020
"A52..52",NA,45,2020
"A52..52",NA,46,2020
"A52..52",NA,47,2020
"A52..52",NA,48,2020
"A52..52",NA,49,2020
"A52..52",NA,50,2020
"A52..52",NA,51,2020
"A52..52",1,52,2020
"A52..52",NA,53,2020
"A53..53",1,1,2020
"A53..53",2,2,2020
"A53..53",1,3,2020
"A53..53",NA,4,2020
"A53..53",NA,5,2020
"A53..53",NA,6,2020
"A53..53",NA,7,2020
"A53..53",NA,8,2020
"A53..53",NA,9,2020
"A53..53",NA,10,2020
"A53..53",NA,11,2020
"A53..53",NA,12,2020
"A53..53",NA,13,2020
"A53..53",NA,14,2020
"A53..53",NA,15,2020
"A53..53",NA,16,2020
"A53..53",NA,17,2020
"A53..53",NA,18,2020
"A53..53",NA,19,2020
"A53..53",NA,20,2020
"A53..53",NA,21,2020
"A53..53",NA,22,2020
"A53..53",1,24,2020
"A53..53",NA,25,2020
"A53..53",NA,26,2020
"A53..53",NA,27,2020
"A53..53",NA,28,2020
"A53..53",NA,29,2020
"A53..53",NA,30,2020
"A53..53",NA,31,2020
"A53..53",NA,32,2020
"A53..53",NA,33,2020
"A53..53",NA,34,2020
"A53..53",NA,35,2020
"A53..53",NA,36,2020
"A53..53",NA,37,2020
"A53..53",NA,38,2020
"A53..53",NA,39,2020
"A53..53",NA,40,2020
"A53..53",NA,41,2020
"A53..53",NA,42,2020
"A53..53",NA,43,2020
"A53..53",NA,44,2020
"A53..53",NA,45,2020
"A53..53",NA,46,2020
"A53..53",NA,47,2020
"A53..53",NA,48,2020
"A53..53",NA,49,2020
"A53..53",NA,50,2020
"A53..53",NA,51,2020
"A53..53",NA,52,2020
"A53..53",NA,53,2020
"A54..54",NA,1,2020
"A54..54",NA,2,2020
"A54..54",NA,3,2020
"A54..54",NA,4,2020
"A54..54",NA,5,2020
"A54..54",2,6,2020
"A54..54",NA,7,2020
"A54..54",NA,8,2020
"A54..54",NA,9,2020
"A54..54",NA,10,2020
"A54..54",NA,11,2020
"A54..54",1,12,2020
"A54..54",NA,13,2020
"A54..54",NA,14,2020
"A54..54",NA,15,2020
"A54..54",1,16,2020
"A54..54",NA,17,2020
"A54..54",1,18,2020
"A54..54",NA,19,2020
"A54..54",NA,20,2020
"A54..54",NA,21,2020
"A54..54",NA,22,2020
"A54..54",NA,24,2020
"A54..54",NA,25,2020
"A54..54",NA,26,2020
"A54..54",NA,27,2020
"A54..54",NA,28,2020
"A54..54",NA,29,2020
"A54..54",NA,30,2020
"A54..54",1,31,2020
"A54..54",NA,32,2020
"A54..54",NA,33,2020
"A54..54",NA,34,2020
"A54..54",NA,35,2020
"A54..54",NA,36,2020
"A54..54",NA,37,2020
"A54..54",1,38,2020
"A54..54",NA,39,2020
"A54..54",NA,40,2020
"A54..54",NA,41,2020
"A54..54",NA,42,2020
"A54..54",NA,43,2020
"A54..54",2,44,2020
"A54..54",NA,45,2020
"A54..54",NA,46,2020
"A54..54",NA,47,2020
"A54..54",NA,48,2020
"A54..54",NA,49,2020
"A54..54",NA,50,2020
"A54..54",NA,51,2020
"A54..54",NA,52,2020
"A54..54",NA,53,2020
"A55..55",1,1,2020
"A55..55",1,2,2020
"A55..55",NA,3,2020
"A55..55",NA,4,2020
"A55..55",NA,5,2020
"A55..55",NA,6,2020
"A55..55",NA,7,2020
"A55..55",NA,8,2020
"A55..55",NA,9,2020
"A55..55",NA,10,2020
"A55..55",NA,11,2020
"A55..55",NA,12,2020
"A55..55",NA,13,2020
"A55..55",NA,14,2020
"A55..55",NA,15,2020
"A55..55",NA,16,2020
"A55..55",NA,17,2020
"A55..55",NA,18,2020
"A55..55",NA,19,2020
"A55..55",NA,20,2020
"A55..55",NA,21,2020
"A55..55",NA,22,2020
"A55..55",NA,24,2020
"A55..55",NA,25,2020
"A55..55",NA,26,2020
"A55..55",NA,27,2020
"A55..55",NA,28,2020
"A55..55",NA,29,2020
"A55..55",NA,30,2020
"A55..55",NA,31,2020
"A55..55",NA,32,2020
"A55..55",NA,33,2020
"A55..55",NA,34,2020
"A55..55",NA,35,2020
"A55..55",NA,36,2020
"A55..55",NA,37,2020
"A55..55",NA,38,2020
"A55..55",1,39,2020
"A55..55",NA,40,2020
"A55..55",NA,41,2020
"A55..55",NA,42,2020
"A55..55",NA,43,2020
"A55..55",NA,44,2020
"A55..55",NA,45,2020
"A55..55",NA,46,2020
"A55..55",NA,47,2020
"A55..55",NA,48,2020
"A55..55",1,49,2020
"A55..55",NA,50,2020
"A55..55",NA,51,2020
"A55..55",NA,52,2020
"A55..55",1,53,2020
"A56..56",NA,1,2020
"A56..56",NA,2,2020
"A56..56",NA,3,2020
"A56..56",NA,4,2020
"A56..56",NA,5,2020
"A56..56",2,6,2020
"A56..56",NA,7,2020
"A56..56",NA,8,2020
"A56..56",NA,9,2020
"A56..56",NA,10,2020
"A56..56",NA,11,2020
"A56..56",NA,12,2020
"A56..56",NA,13,2020
"A56..56",NA,14,2020
"A56..56",NA,15,2020
"A56..56",NA,16,2020
"A56..56",NA,17,2020
"A56..56",1,18,2020
"A56..56",1,19,2020
"A56..56",NA,20,2020
"A56..56",NA,21,2020
"A56..56",NA,22,2020
"A56..56",NA,24,2020
"A56..56",NA,25,2020
"A56..56",NA,26,2020
"A56..56",NA,27,2020
"A56..56",NA,28,2020
"A56..56",NA,29,2020
"A56..56",NA,30,2020
"A56..56",NA,31,2020
"A56..56",NA,32,2020
"A56..56",NA,33,2020
"A56..56",NA,34,2020
"A56..56",NA,35,2020
"A56..56",NA,36,2020
"A56..56",NA,37,2020
"A56..56",NA,38,2020
"A56..56",1,39,2020
"A56..56",NA,40,2020
"A56..56",NA,41,2020
"A56..56",NA,42,2020
"A56..56",1,43,2020
"A56..56",NA,44,2020
"A56..56",NA,45,2020
"A56..56",NA,46,2020
"A56..56",NA,47,2020
"A56..56",NA,48,2020
"A56..56",NA,49,2020
"A56..56",1,50,2020
"A56..56",NA,51,2020
"A56..56",NA,52,2020
"A56..56",NA,53,2020
"A57..57",NA,1,2020
"A57..57",NA,2,2020
"A57..57",NA,3,2020
"A57..57",1,4,2020
"A57..57",NA,5,2020
"A57..57",1,6,2020
"A57..57",1,7,2020
"A57..57",2,8,2020
"A57..57",NA,9,2020
"A57..57",NA,10,2020
"A57..57",NA,11,2020
"A57..57",1,12,2020
"A57..57",2,13,2020
"A57..57",NA,14,2020
"A57..57",NA,15,2020
"A57..57",NA,16,2020
"A57..57",3,17,2020
"A57..57",1,18,2020
"A57..57",NA,19,2020
"A57..57",NA,20,2020
"A57..57",1,21,2020
"A57..57",NA,22,2020
"A57..57",NA,24,2020
"A57..57",NA,25,2020
"A57..57",NA,26,2020
"A57..57",NA,27,2020
"A57..57",NA,28,2020
"A57..57",NA,29,2020
"A57..57",NA,30,2020
"A57..57",2,31,2020
"A57..57",NA,32,2020
"A57..57",NA,33,2020
"A57..57",NA,34,2020
"A57..57",NA,35,2020
"A57..57",NA,36,2020
"A57..57",NA,37,2020
"A57..57",NA,38,2020
"A57..57",NA,39,2020
"A57..57",NA,40,2020
"A57..57",NA,41,2020
"A57..57",NA,42,2020
"A57..57",1,43,2020
"A57..57",NA,44,2020
"A57..57",NA,45,2020
"A57..57",NA,46,2020
"A57..57",NA,47,2020
"A57..57",NA,48,2020
"A57..57",NA,49,2020
"A57..57",1,50,2020
"A57..57",NA,51,2020
"A57..57",NA,52,2020
"A57..57",NA,53,2020
"A58..58",1,1,2020
"A58..58",NA,2,2020
"A58..58",NA,3,2020
"A58..58",NA,4,2020
"A58..58",NA,5,2020
"A58..58",NA,6,2020
"A58..58",NA,7,2020
"A58..58",NA,8,2020
"A58..58",NA,9,2020
"A58..58",NA,10,2020
"A58..58",1,11,2020
"A58..58",NA,12,2020
"A58..58",NA,13,2020
"A58..58",1,14,2020
"A58..58",NA,15,2020
"A58..58",NA,16,2020
"A58..58",NA,17,2020
"A58..58",NA,18,2020
"A58..58",NA,19,2020
"A58..58",NA,20,2020
"A58..58",NA,21,2020
"A58..58",NA,22,2020
"A58..58",NA,24,2020
"A58..58",NA,25,2020
"A58..58",NA,26,2020
"A58..58",NA,27,2020
"A58..58",NA,28,2020
"A58..58",NA,29,2020
"A58..58",1,30,2020
"A58..58",NA,31,2020
"A58..58",NA,32,2020
"A58..58",1,33,2020
"A58..58",1,34,2020
"A58..58",NA,35,2020
"A58..58",NA,36,2020
"A58..58",NA,37,2020
"A58..58",NA,38,2020
"A58..58",NA,39,2020
"A58..58",NA,40,2020
"A58..58",2,41,2020
"A58..58",NA,42,2020
"A58..58",NA,43,2020
"A58..58",NA,44,2020
"A58..58",NA,45,2020
"A58..58",NA,46,2020
"A58..58",NA,47,2020
"A58..58",NA,48,2020
"A58..58",NA,49,2020
"A58..58",NA,50,2020
"A58..58",NA,51,2020
"A58..58",NA,52,2020
"A58..58",1,53,2020
"A59..59",1,1,2020
"A59..59",2,2,2020
"A59..59",NA,3,2020
"A59..59",NA,4,2020
"A59..59",NA,5,2020
"A59..59",NA,6,2020
"A59..59",NA,7,2020
"A59..59",1,8,2020
"A59..59",NA,9,2020
"A59..59",1,10,2020
"A59..59",NA,11,2020
"A59..59",1,12,2020
"A59..59",NA,13,2020
"A59..59",NA,14,2020
"A59..59",NA,15,2020
"A59..59",NA,16,2020
"A59..59",NA,17,2020
"A59..59",NA,18,2020
"A59..59",NA,19,2020
"A59..59",1,20,2020
"A59..59",NA,21,2020
"A59..59",NA,22,2020
"A59..59",NA,24,2020
"A59..59",NA,25,2020
"A59..59",NA,26,2020
"A59..59",NA,27,2020
"A59..59",NA,28,2020
"A59..59",NA,29,2020
"A59..59",NA,30,2020
"A59..59",NA,31,2020
"A59..59",NA,32,2020
"A59..59",NA,33,2020
"A59..59",NA,34,2020
"A59..59",NA,35,2020
"A59..59",NA,36,2020
"A59..59",NA,37,2020
"A59..59",NA,38,2020
"A59..59",NA,39,2020
"A59..59",NA,40,2020
"A59..59",NA,41,2020
"A59..59",NA,42,2020
"A59..59",1,43,2020
"A59..59",NA,44,2020
"A59..59",NA,45,2020
"A59..59",NA,46,2020
"A59..59",NA,47,2020
"A59..59",NA,48,2020
"A59..59",NA,49,2020
"A59..59",NA,50,2020
"A59..59",NA,51,2020
"A59..59",NA,52,2020
"A59..59",NA,53,2020
"A60..60",NA,1,2020
"A60..60",NA,2,2020
"A60..60",1,3,2020
"A60..60",NA,4,2020
"A60..60",1,5,2020
"A60..60",NA,6,2020
"A60..60",NA,7,2020
"A60..60",3,8,2020
"A60..60",1,9,2020
"A60..60",1,10,2020
"A60..60",2,11,2020
"A60..60",1,12,2020
"A60..60",NA,13,2020
"A60..60",NA,14,2020
"A60..60",1,15,2020
"A60..60",NA,16,2020
"A60..60",1,17,2020
"A60..60",NA,18,2020
"A60..60",NA,19,2020
"A60..60",NA,20,2020
"A60..60",NA,21,2020
"A60..60",NA,22,2020
"A60..60",NA,24,2020
"A60..60",NA,25,2020
"A60..60",NA,26,2020
"A60..60",NA,27,2020
"A60..60",NA,28,2020
"A60..60",NA,29,2020
"A60..60",NA,30,2020
"A60..60",2,31,2020
"A60..60",NA,32,2020
"A60..60",NA,33,2020
"A60..60",NA,34,2020
"A60..60",NA,35,2020
"A60..60",NA,36,2020
"A60..60",NA,37,2020
"A60..60",NA,38,2020
"A60..60",NA,39,2020
"A60..60",NA,40,2020
"A60..60",NA,41,2020
"A60..60",NA,42,2020
"A60..60",NA,43,2020
"A60..60",1,44,2020
"A60..60",NA,45,2020
"A60..60",1,46,2020
"A60..60",NA,47,2020
"A60..60",1,48,2020
"A60..60",NA,49,2020
"A60..60",NA,50,2020
"A60..60",2,51,2020
"A60..60",NA,52,2020
"A60..60",NA,53,2020
"A61..61",1,1,2020
"A61..61",1,2,2020
"A61..61",NA,3,2020
"A61..61",1,4,2020
"A61..61",2,5,2020
"A61..61",1,6,2020
"A61..61",NA,7,2020
"A61..61",NA,8,2020
"A61..61",NA,9,2020
"A61..61",2,10,2020
"A61..61",NA,11,2020
"A61..61",1,12,2020
"A61..61",2,13,2020
"A61..61",NA,14,2020
"A61..61",NA,15,2020
"A61..61",1,16,2020
"A61..61",NA,17,2020
"A61..61",NA,18,2020
"A61..61",NA,19,2020
"A61..61",NA,20,2020
"A61..61",NA,21,2020
"A61..61",NA,22,2020
"A61..61",NA,24,2020
"A61..61",NA,25,2020
"A61..61",NA,26,2020
"A61..61",NA,27,2020
"A61..61",NA,28,2020
"A61..61",NA,29,2020
"A61..61",1,30,2020
"A61..61",1,31,2020
"A61..61",NA,32,2020
"A61..61",NA,33,2020
"A61..61",NA,34,2020
"A61..61",NA,35,2020
"A61..61",NA,36,2020
"A61..61",NA,37,2020
"A61..61",2,38,2020
"A61..61",NA,39,2020
"A61..61",NA,40,2020
"A61..61",NA,41,2020
"A61..61",NA,42,2020
"A61..61",NA,43,2020
"A61..61",NA,44,2020
"A61..61",NA,45,2020
"A61..61",NA,46,2020
"A61..61",NA,47,2020
"A61..61",NA,48,2020
"A61..61",NA,49,2020
"A61..61",NA,50,2020
"A61..61",NA,51,2020
"A61..61",NA,52,2020
"A61..61",NA,53,2020
"A62..62",NA,1,2020
"A62..62",NA,2,2020
"A62..62",NA,3,2020
"A62..62",1,4,2020
"A62..62",NA,5,2020
"A62..62",2,6,2020
"A62..62",1,7,2020
"A62..62",NA,8,2020
"A62..62",NA,9,2020
"A62..62",1,10,2020
"A62..62",NA,11,2020
"A62..62",1,12,2020
"A62..62",NA,13,2020
"A62..62",NA,14,2020
"A62..62",NA,15,2020
"A62..62",NA,16,2020
"A62..62",NA,17,2020
"A62..62",NA,18,2020
"A62..62",NA,19,2020
"A62..62",NA,20,2020
"A62..62",NA,21,2020
"A62..62",NA,22,2020
"A62..62",1,24,2020
"A62..62",NA,25,2020
"A62..62",1,26,2020
"A62..62",NA,27,2020
"A62..62",NA,28,2020
"A62..62",NA,29,2020
"A62..62",1,30,2020
"A62..62",NA,31,2020
"A62..62",NA,32,2020
"A62..62",1,33,2020
"A62..62",NA,34,2020
"A62..62",NA,35,2020
"A62..62",NA,36,2020
"A62..62",NA,37,2020
"A62..62",NA,38,2020
"A62..62",NA,39,2020
"A62..62",NA,40,2020
"A62..62",NA,41,2020
"A62..62",NA,42,2020
"A62..62",1,43,2020
"A62..62",1,44,2020
"A62..62",NA,45,2020
"A62..62",NA,46,2020
"A62..62",NA,47,2020
"A62..62",NA,48,2020
"A62..62",NA,49,2020
"A62..62",NA,50,2020
"A62..62",1,51,2020
"A62..62",2,52,2020
"A62..62",NA,53,2020
"A63..63",NA,1,2020
"A63..63",NA,2,2020
"A63..63",NA,3,2020
"A63..63",1,4,2020
"A63..63",NA,5,2020
"A63..63",1,6,2020
"A63..63",NA,7,2020
"A63..63",NA,8,2020
"A63..63",NA,9,2020
"A63..63",NA,10,2020
"A63..63",1,11,2020
"A63..63",NA,12,2020
"A63..63",1,13,2020
"A63..63",NA,14,2020
"A63..63",NA,15,2020
"A63..63",NA,16,2020
"A63..63",1,17,2020
"A63..63",NA,18,2020
"A63..63",NA,19,2020
"A63..63",NA,20,2020
"A63..63",1,21,2020
"A63..63",NA,22,2020
"A63..63",NA,24,2020
"A63..63",NA,25,2020
"A63..63",NA,26,2020
"A63..63",NA,27,2020
"A63..63",1,28,2020
"A63..63",1,29,2020
"A63..63",NA,30,2020
"A63..63",NA,31,2020
"A63..63",NA,32,2020
"A63..63",NA,33,2020
"A63..63",NA,34,2020
"A63..63",1,35,2020
"A63..63",NA,36,2020
"A63..63",1,37,2020
"A63..63",1,38,2020
"A63..63",NA,39,2020
"A63..63",NA,40,2020
"A63..63",1,41,2020
"A63..63",NA,42,2020
"A63..63",NA,43,2020
"A63..63",NA,44,2020
"A63..63",NA,45,2020
"A63..63",NA,46,2020
"A63..63",NA,47,2020
"A63..63",NA,48,2020
"A63..63",1,49,2020
"A63..63",NA,50,2020
"A63..63",1,51,2020
"A63..63",NA,52,2020
"A63..63",NA,53,2020
"A64..64",1,1,2020
"A64..64",NA,2,2020
"A64..64",NA,3,2020
"A64..64",NA,4,2020
"A64..64",1,5,2020
"A64..64",NA,6,2020
"A64..64",NA,7,2020
"A64..64",NA,8,2020
"A64..64",NA,9,2020
"A64..64",NA,10,2020
"A64..64",NA,11,2020
"A64..64",NA,12,2020
"A64..64",2,13,2020
"A64..64",1,14,2020
"A64..64",1,15,2020
"A64..64",NA,16,2020
"A64..64",NA,17,2020
"A64..64",NA,18,2020
"A64..64",NA,19,2020
"A64..64",1,20,2020
"A64..64",NA,21,2020
"A64..64",NA,22,2020
"A64..64",NA,24,2020
"A64..64",NA,25,2020
"A64..64",NA,26,2020
"A64..64",NA,27,2020
"A64..64",NA,28,2020
"A64..64",NA,29,2020
"A64..64",1,30,2020
"A64..64",NA,31,2020
"A64..64",NA,32,2020
"A64..64",NA,33,2020
"A64..64",NA,34,2020
"A64..64",NA,35,2020
"A64..64",NA,36,2020
"A64..64",NA,37,2020
"A64..64",NA,38,2020
"A64..64",NA,39,2020
"A64..64",NA,40,2020
"A64..64",1,41,2020
"A64..64",NA,42,2020
"A64..64",NA,43,2020
"A64..64",NA,44,2020
"A64..64",1,45,2020
"A64..64",1,46,2020
"A64..64",NA,47,2020
"A64..64",NA,48,2020
"A64..64",1,49,2020
"A64..64",NA,50,2020
"A64..64",1,51,2020
"A64..64",NA,52,2020
"A64..64",NA,53,2020
"A65..65",NA,1,2020
"A65..65",1,2,2020
"A65..65",NA,3,2020
"A65..65",NA,4,2020
"A65..65",NA,5,2020
"A65..65",NA,6,2020
"A65..65",1,7,2020
"A65..65",NA,8,2020
"A65..65",NA,9,2020
"A65..65",2,10,2020
"A65..65",NA,11,2020
"A65..65",1,12,2020
"A65..65",NA,13,2020
"A65..65",NA,14,2020
"A65..65",NA,15,2020
"A65..65",NA,16,2020
"A65..65",NA,17,2020
"A65..65",NA,18,2020
"A65..65",NA,19,2020
"A65..65",NA,20,2020
"A65..65",NA,21,2020
"A65..65",NA,22,2020
"A65..65",NA,24,2020
"A65..65",NA,25,2020
"A65..65",NA,26,2020
"A65..65",NA,27,2020
"A65..65",NA,28,2020
"A65..65",1,29,2020
"A65..65",NA,30,2020
"A65..65",NA,31,2020
"A65..65",NA,32,2020
"A65..65",NA,33,2020
"A65..65",NA,34,2020
"A65..65",NA,35,2020
"A65..65",NA,36,2020
"A65..65",NA,37,2020
"A65..65",NA,38,2020
"A65..65",1,39,2020
"A65..65",1,40,2020
"A65..65",NA,41,2020
"A65..65",NA,42,2020
"A65..65",NA,43,2020
"A65..65",NA,44,2020
"A65..65",NA,45,2020
"A65..65",NA,46,2020
"A65..65",NA,47,2020
"A65..65",NA,48,2020
"A65..65",NA,49,2020
"A65..65",NA,50,2020
"A65..65",NA,51,2020
"A65..65",NA,52,2020
"A65..65",NA,53,2020
"A66..66",NA,1,2020
"A66..66",2,2,2020
"A66..66",1,3,2020
"A66..66",NA,4,2020
"A66..66",1,5,2020
"A66..66",1,6,2020
"A66..66",NA,7,2020
"A66..66",1,8,2020
"A66..66",1,9,2020
"A66..66",NA,10,2020
"A66..66",NA,11,2020
"A66..66",1,12,2020
"A66..66",1,13,2020
"A66..66",NA,14,2020
"A66..66",NA,15,2020
"A66..66",1,16,2020
"A66..66",NA,17,2020
"A66..66",NA,18,2020
"A66..66",NA,19,2020
"A66..66",NA,20,2020
"A66..66",NA,21,2020
"A66..66",NA,22,2020
"A66..66",NA,24,2020
"A66..66",NA,25,2020
"A66..66",NA,26,2020
"A66..66",NA,27,2020
"A66..66",1,28,2020
"A66..66",NA,29,2020
"A66..66",NA,30,2020
"A66..66",NA,31,2020
"A66..66",NA,32,2020
"A66..66",1,33,2020
"A66..66",NA,34,2020
"A66..66",NA,35,2020
"A66..66",NA,36,2020
"A66..66",NA,37,2020
"A66..66",NA,38,2020
"A66..66",1,39,2020
"A66..66",NA,40,2020
"A66..66",NA,41,2020
"A66..66",NA,42,2020
"A66..66",NA,43,2020
"A66..66",NA,44,2020
"A66..66",NA,45,2020
"A66..66",NA,46,2020
"A66..66",NA,47,2020
"A66..66",NA,48,2020
"A66..66",NA,49,2020
"A66..66",NA,50,2020
"A66..66",NA,51,2020
"A66..66",NA,52,2020
"A66..66",1,53,2020
"A67..67",3,1,2020
"A67..67",1,2,2020
"A67..67",NA,3,2020
"A67..67",NA,4,2020
"A67..67",NA,5,2020
"A67..67",NA,6,2020
"A67..67",NA,7,2020
"A67..67",1,8,2020
"A67..67",NA,9,2020
"A67..67",2,10,2020
"A67..67",NA,11,2020
"A67..67",NA,12,2020
"A67..67",NA,13,2020
"A67..67",NA,14,2020
"A67..67",1,15,2020
"A67..67",NA,16,2020
"A67..67",NA,17,2020
"A67..67",NA,18,2020
"A67..67",NA,19,2020
"A67..67",NA,20,2020
"A67..67",NA,21,2020
"A67..67",NA,22,2020
"A67..67",NA,24,2020
"A67..67",NA,25,2020
"A67..67",NA,26,2020
"A67..67",NA,27,2020
"A67..67",NA,28,2020
"A67..67",NA,29,2020
"A67..67",NA,30,2020
"A67..67",NA,31,2020
"A67..67",NA,32,2020
"A67..67",NA,33,2020
"A67..67",NA,34,2020
"A67..67",NA,35,2020
"A67..67",NA,36,2020
"A67..67",NA,37,2020
"A67..67",NA,38,2020
"A67..67",NA,39,2020
"A67..67",NA,40,2020
"A67..67",NA,41,2020
"A67..67",NA,42,2020
"A67..67",NA,43,2020
"A67..67",NA,44,2020
"A67..67",1,45,2020
"A67..67",NA,46,2020
"A67..67",NA,47,2020
"A67..67",NA,48,2020
"A67..67",1,49,2020
"A67..67",NA,50,2020
"A67..67",NA,51,2020
"A67..67",NA,52,2020
"A67..67",NA,53,2020
"A68..68",NA,1,2020
"A68..68",NA,2,2020
"A68..68",NA,3,2020
"A68..68",NA,4,2020
"A68..68",1,5,2020
"A68..68",1,6,2020
"A68..68",2,7,2020
"A68..68",1,8,2020
"A68..68",NA,9,2020
"A68..68",1,10,2020
"A68..68",3,11,2020
"A68..68",1,12,2020
"A68..68",NA,13,2020
"A68..68",NA,14,2020
"A68..68",NA,15,2020
"A68..68",NA,16,2020
"A68..68",NA,17,2020
"A68..68",1,18,2020
"A68..68",NA,19,2020
"A68..68",NA,20,2020
"A68..68",NA,21,2020
"A68..68",NA,22,2020
"A68..68",1,24,2020
"A68..68",NA,25,2020
"A68..68",NA,26,2020
"A68..68",NA,27,2020
"A68..68",NA,28,2020
"A68..68",NA,29,2020
"A68..68",NA,30,2020
"A68..68",NA,31,2020
"A68..68",NA,32,2020
"A68..68",NA,33,2020
"A68..68",1,34,2020
"A68..68",NA,35,2020
"A68..68",NA,36,2020
"A68..68",NA,37,2020
"A68..68",NA,38,2020
"A68..68",NA,39,2020
"A68..68",NA,40,2020
"A68..68",NA,41,2020
"A68..68",NA,42,2020
"A68..68",NA,43,2020
"A68..68",1,44,2020
"A68..68",NA,45,2020
"A68..68",NA,46,2020
"A68..68",NA,47,2020
"A68..68",NA,48,2020
"A68..68",NA,49,2020
"A68..68",1,50,2020
"A68..68",NA,51,2020
"A68..68",NA,52,2020
"A68..68",NA,53,2020
"A69..69",1,1,2020
"A69..69",1,2,2020
"A69..69",NA,3,2020
"A69..69",NA,4,2020
"A69..69",NA,5,2020
"A69..69",NA,6,2020
"A69..69",NA,7,2020
"A69..69",NA,8,2020
"A69..69",2,9,2020
"A69..69",3,10,2020
"A69..69",NA,11,2020
"A69..69",NA,12,2020
"A69..69",NA,13,2020
"A69..69",2,14,2020
"A69..69",NA,15,2020
"A69..69",NA,16,2020
"A69..69",NA,17,2020
"A69..69",NA,18,2020
"A69..69",NA,19,2020
"A69..69",NA,20,2020
"A69..69",1,21,2020
"A69..69",NA,22,2020
"A69..69",NA,24,2020
"A69..69",NA,25,2020
"A69..69",NA,26,2020
"A69..69",NA,27,2020
"A69..69",NA,28,2020
"A69..69",NA,29,2020
"A69..69",NA,30,2020
"A69..69",1,31,2020
"A69..69",NA,32,2020
"A69..69",NA,33,2020
"A69..69",NA,34,2020
"A69..69",NA,35,2020
"A69..69",NA,36,2020
"A69..69",1,37,2020
"A69..69",NA,38,2020
"A69..69",NA,39,2020
"A69..69",NA,40,2020
"A69..69",NA,41,2020
"A69..69",NA,42,2020
"A69..69",1,43,2020
"A69..69",NA,44,2020
"A69..69",NA,45,2020
"A69..69",NA,46,2020
"A69..69",NA,47,2020
"A69..69",NA,48,2020
"A69..69",NA,49,2020
"A69..69",NA,50,2020
"A69..69",NA,51,2020
"A69..69",NA,52,2020
"A69..69",NA,53,2020
"A70..70",NA,1,2020
"A70..70",1,2,2020
"A70..70",1,3,2020
"A70..70",1,4,2020
"A70..70",NA,5,2020
"A70..70",NA,6,2020
"A70..70",NA,7,2020
"A70..70",NA,8,2020
"A70..70",NA,9,2020
"A70..70",1,10,2020
"A70..70",2,11,2020
"A70..70",NA,12,2020
"A70..70",NA,13,2020
"A70..70",NA,14,2020
"A70..70",1,15,2020
"A70..70",NA,16,2020
"A70..70",NA,17,2020
"A70..70",NA,18,2020
"A70..70",NA,19,2020
"A70..70",NA,20,2020
"A70..70",NA,21,2020
"A70..70",NA,22,2020
"A70..70",NA,24,2020
"A70..70",NA,25,2020
"A70..70",NA,26,2020
"A70..70",NA,27,2020
"A70..70",NA,28,2020
"A70..70",1,29,2020
"A70..70",NA,30,2020
"A70..70",NA,31,2020
"A70..70",NA,32,2020
"A70..70",1,33,2020
"A70..70",1,34,2020
"A70..70",NA,35,2020
"A70..70",NA,36,2020
"A70..70",NA,37,2020
"A70..70",NA,38,2020
"A70..70",NA,39,2020
"A70..70",NA,40,2020
"A70..70",NA,41,2020
"A70..70",NA,42,2020
"A70..70",NA,43,2020
"A70..70",NA,44,2020
"A70..70",1,45,2020
"A70..70",NA,46,2020
"A70..70",NA,47,2020
"A70..70",NA,48,2020
"A70..70",2,49,2020
"A70..70",NA,50,2020
"A70..70",1,51,2020
"A70..70",NA,52,2020
"A70..70",1,53,2020
"A71..71",NA,1,2020
"A71..71",NA,2,2020
"A71..71",NA,3,2020
"A71..71",NA,4,2020
"A71..71",NA,5,2020
"A71..71",1,6,2020
"A71..71",NA,7,2020
"A71..71",NA,8,2020
"A71..71",NA,9,2020
"A71..71",2,10,2020
"A71..71",1,11,2020
"A71..71",NA,12,2020
"A71..71",NA,13,2020
"A71..71",NA,14,2020
"A71..71",1,15,2020
"A71..71",NA,16,2020
"A71..71",NA,17,2020
"A71..71",NA,18,2020
"A71..71",NA,19,2020
"A71..71",NA,20,2020
"A71..71",NA,21,2020
"A71..71",NA,22,2020
"A71..71",NA,24,2020
"A71..71",NA,25,2020
"A71..71",1,26,2020
"A71..71",NA,27,2020
"A71..71",NA,28,2020
"A71..71",NA,29,2020
"A71..71",NA,30,2020
"A71..71",1,31,2020
"A71..71",1,32,2020
"A71..71",1,33,2020
"A71..71",1,34,2020
"A71..71",NA,35,2020
"A71..71",NA,36,2020
"A71..71",NA,37,2020
"A71..71",NA,38,2020
"A71..71",NA,39,2020
"A71..71",NA,40,2020
"A71..71",NA,41,2020
"A71..71",NA,42,2020
"A71..71",NA,43,2020
"A71..71",NA,44,2020
"A71..71",NA,45,2020
"A71..71",NA,46,2020
"A71..71",NA,47,2020
"A71..71",1,48,2020
"A71..71",NA,49,2020
"A71..71",1,50,2020
"A71..71",NA,51,2020
"A71..71",NA,52,2020
"A71..71",NA,53,2020
"A72..72",1,1,2020
"A72..72",NA,2,2020
"A72..72",NA,3,2020
"A72..72",1,4,2020
"A72..72",NA,5,2020
"A72..72",1,6,2020
"A72..72",1,7,2020
"A72..72",1,8,2020
"A72..72",2,9,2020
"A72..72",1,10,2020
"A72..72",NA,11,2020
"A72..72",NA,12,2020
"A72..72",NA,13,2020
"A72..72",1,14,2020
"A72..72",NA,15,2020
"A72..72",NA,16,2020
"A72..72",NA,17,2020
"A72..72",NA,18,2020
"A72..72",NA,19,2020
"A72..72",NA,20,2020
"A72..72",NA,21,2020
"A72..72",NA,22,2020
"A72..72",NA,24,2020
"A72..72",NA,25,2020
"A72..72",NA,26,2020
"A72..72",NA,27,2020
"A72..72",NA,28,2020
"A72..72",NA,29,2020
"A72..72",NA,30,2020
"A72..72",NA,31,2020
"A72..72",NA,32,2020
"A72..72",NA,33,2020
"A72..72",1,34,2020
"A72..72",NA,35,2020
"A72..72",NA,36,2020
"A72..72",NA,37,2020
"A72..72",NA,38,2020
"A72..72",1,39,2020
"A72..72",NA,40,2020
"A72..72",NA,41,2020
"A72..72",NA,42,2020
"A72..72",NA,43,2020
"A72..72",NA,44,2020
"A72..72",NA,45,2020
"A72..72",NA,46,2020
"A72..72",1,47,2020
"A72..72",NA,48,2020
"A72..72",NA,49,2020
"A72..72",1,50,2020
"A72..72",1,51,2020
"A72..72",NA,52,2020
"A72..72",NA,53,2020
"A73..73",NA,1,2020
"A73..73",NA,2,2020
"A73..73",NA,3,2020
"A73..73",NA,4,2020
"A73..73",NA,5,2020
"A73..73",NA,6,2020
"A73..73",NA,7,2020
"A73..73",NA,8,2020
"A73..73",NA,9,2020
"A73..73",NA,10,2020
"A73..73",NA,11,2020
"A73..73",NA,12,2020
"A73..73",NA,13,2020
"A73..73",NA,14,2020
"A73..73",NA,15,2020
"A73..73",NA,16,2020
"A73..73",NA,17,2020
"A73..73",NA,18,2020
"A73..73",NA,19,2020
"A73..73",NA,20,2020
"A73..73",NA,21,2020
"A73..73",NA,22,2020
"A73..73",NA,24,2020
"A73..73",NA,25,2020
"A73..73",NA,26,2020
"A73..73",NA,27,2020
"A73..73",NA,28,2020
"A73..73",NA,29,2020
"A73..73",NA,30,2020
"A73..73",NA,31,2020
"A73..73",NA,32,2020
"A73..73",NA,33,2020
"A73..73",NA,34,2020
"A73..73",NA,35,2020
"A73..73",NA,36,2020
"A73..73",NA,37,2020
"A73..73",NA,38,2020
"A73..73",NA,39,2020
"A73..73",NA,40,2020
"A73..73",NA,41,2020
"A73..73",1,42,2020
"A73..73",NA,43,2020
"A73..73",NA,44,2020
"A73..73",NA,45,2020
"A73..73",NA,46,2020
"A73..73",NA,47,2020
"A73..73",NA,48,2020
"A73..73",NA,49,2020
"A73..73",NA,50,2020
"A73..73",NA,51,2020
"A73..73",NA,52,2020
"A73..73",NA,53,2020
"A74..74",NA,1,2020
"A74..74",1,2,2020
"A74..74",1,3,2020
"A74..74",NA,4,2020
"A74..74",NA,5,2020
"A74..74",NA,6,2020
"A74..74",NA,7,2020
"A74..74",NA,8,2020
"A74..74",NA,9,2020
"A74..74",NA,10,2020
"A74..74",NA,11,2020
"A74..74",1,12,2020
"A74..74",NA,13,2020
"A74..74",NA,14,2020
"A74..74",1,15,2020
"A74..74",NA,16,2020
"A74..74",NA,17,2020
"A74..74",1,18,2020
"A74..74",NA,19,2020
"A74..74",NA,20,2020
"A74..74",NA,21,2020
"A74..74",NA,22,2020
"A74..74",NA,24,2020
"A74..74",NA,25,2020
"A74..74",NA,26,2020
"A74..74",NA,27,2020
"A74..74",NA,28,2020
"A74..74",NA,29,2020
"A74..74",NA,30,2020
"A74..74",NA,31,2020
"A74..74",NA,32,2020
"A74..74",NA,33,2020
"A74..74",NA,34,2020
"A74..74",NA,35,2020
"A74..74",NA,36,2020
"A74..74",NA,37,2020
"A74..74",NA,38,2020
"A74..74",NA,39,2020
"A74..74",3,40,2020
"A74..74",NA,41,2020
"A74..74",NA,42,2020
"A74..74",NA,43,2020
"A74..74",NA,44,2020
"A74..74",1,45,2020
"A74..74",NA,46,2020
"A74..74",NA,47,2020
"A74..74",NA,48,2020
"A74..74",NA,49,2020
"A74..74",NA,50,2020
"A74..74",NA,51,2020
"A74..74",NA,52,2020
"A74..74",NA,53,2020
"A75..75",NA,1,2020
"A75..75",NA,2,2020
"A75..75",NA,3,2020
"A75..75",NA,4,2020
"A75..75",NA,5,2020
"A75..75",NA,6,2020
"A75..75",NA,7,2020
"A75..75",NA,8,2020
"A75..75",NA,9,2020
"A75..75",1,10,2020
"A75..75",NA,11,2020
"A75..75",NA,12,2020
"A75..75",1,13,2020
"A75..75",NA,14,2020
"A75..75",NA,15,2020
"A75..75",NA,16,2020
"A75..75",NA,17,2020
"A75..75",NA,18,2020
"A75..75",NA,19,2020
"A75..75",NA,20,2020
"A75..75",1,21,2020
"A75..75",NA,22,2020
"A75..75",NA,24,2020
"A75..75",NA,25,2020
"A75..75",NA,26,2020
"A75..75",NA,27,2020
"A75..75",NA,28,2020
"A75..75",NA,29,2020
"A75..75",1,30,2020
"A75..75",NA,31,2020
"A75..75",NA,32,2020
"A75..75",NA,33,2020
"A75..75",NA,34,2020
"A75..75",NA,35,2020
"A75..75",NA,36,2020
"A75..75",NA,37,2020
"A75..75",NA,38,2020
"A75..75",NA,39,2020
"A75..75",NA,40,2020
"A75..75",NA,41,2020
"A75..75",NA,42,2020
"A75..75",NA,43,2020
"A75..75",NA,44,2020
"A75..75",NA,45,2020
"A75..75",NA,46,2020
"A75..75",NA,47,2020
"A75..75",NA,48,2020
"A75..75",NA,49,2020
"A75..75",NA,50,2020
"A75..75",1,51,2020
"A75..75",NA,52,2020
"A75..75",1,53,2020
"A76..76",1,1,2020
"A76..76",NA,2,2020
"A76..76",NA,3,2020
"A76..76",NA,4,2020
"A76..76",NA,5,2020
"A76..76",NA,6,2020
"A76..76",NA,7,2020
"A76..76",1,8,2020
"A76..76",2,9,2020
"A76..76",1,10,2020
"A76..76",1,11,2020
"A76..76",NA,12,2020
"A76..76",NA,13,2020
"A76..76",2,14,2020
"A76..76",NA,15,2020
"A76..76",NA,16,2020
"A76..76",NA,17,2020
"A76..76",NA,18,2020
"A76..76",NA,19,2020
"A76..76",NA,20,2020
"A76..76",NA,21,2020
"A76..76",NA,22,2020
"A76..76",NA,24,2020
"A76..76",NA,25,2020
"A76..76",NA,26,2020
"A76..76",NA,27,2020
"A76..76",NA,28,2020
"A76..76",NA,29,2020
"A76..76",NA,30,2020
"A76..76",NA,31,2020
"A76..76",1,32,2020
"A76..76",NA,33,2020
"A76..76",NA,34,2020
"A76..76",NA,35,2020
"A76..76",1,36,2020
"A76..76",NA,37,2020
"A76..76",NA,38,2020
"A76..76",NA,39,2020
"A76..76",NA,40,2020
"A76..76",NA,41,2020
"A76..76",NA,42,2020
"A76..76",NA,43,2020
"A76..76",1,44,2020
"A76..76",1,45,2020
"A76..76",NA,46,2020
"A76..76",NA,47,2020
"A76..76",NA,48,2020
"A76..76",NA,49,2020
"A76..76",NA,50,2020
"A76..76",NA,51,2020
"A76..76",NA,52,2020
"A76..76",NA,53,2020
"A77..77",NA,1,2020
"A77..77",1,2,2020
"A77..77",1,3,2020
"A77..77",NA,4,2020
"A77..77",NA,5,2020
"A77..77",NA,6,2020
"A77..77",NA,7,2020
"A77..77",NA,8,2020
"A77..77",2,9,2020
"A77..77",NA,10,2020
"A77..77",2,11,2020
"A77..77",NA,12,2020
"A77..77",1,13,2020
"A77..77",NA,14,2020
"A77..77",NA,15,2020
"A77..77",NA,16,2020
"A77..77",NA,17,2020
"A77..77",NA,18,2020
"A77..77",NA,19,2020
"A77..77",NA,20,2020
"A77..77",NA,21,2020
"A77..77",NA,22,2020
"A77..77",NA,24,2020
"A77..77",NA,25,2020
"A77..77",NA,26,2020
"A77..77",NA,27,2020
"A77..77",1,28,2020
"A77..77",1,29,2020
"A77..77",NA,30,2020
"A77..77",NA,31,2020
"A77..77",NA,32,2020
"A77..77",NA,33,2020
"A77..77",NA,34,2020
"A77..77",NA,35,2020
"A77..77",NA,36,2020
"A77..77",1,37,2020
"A77..77",NA,38,2020
"A77..77",NA,39,2020
"A77..77",NA,40,2020
"A77..77",NA,41,2020
"A77..77",NA,42,2020
"A77..77",NA,43,2020
"A77..77",1,44,2020
"A77..77",NA,45,2020
"A77..77",NA,46,2020
"A77..77",NA,47,2020
"A77..77",NA,48,2020
"A77..77",NA,49,2020
"A77..77",NA,50,2020
"A77..77",NA,51,2020
"A77..77",NA,52,2020
"A77..77",NA,53,2020
"A78..78",2,1,2020
"A78..78",NA,2,2020
"A78..78",NA,3,2020
"A78..78",NA,4,2020
"A78..78",NA,5,2020
"A78..78",NA,6,2020
"A78..78",1,7,2020
"A78..78",NA,8,2020
"A78..78",NA,9,2020
"A78..78",1,10,2020
"A78..78",1,11,2020
"A78..78",NA,12,2020
"A78..78",1,13,2020
"A78..78",2,14,2020
"A78..78",NA,15,2020
"A78..78",1,16,2020
"A78..78",NA,17,2020
"A78..78",NA,18,2020
"A78..78",NA,19,2020
"A78..78",NA,20,2020
"A78..78",NA,21,2020
"A78..78",NA,22,2020
"A78..78",NA,24,2020
"A78..78",NA,25,2020
"A78..78",1,26,2020
"A78..78",NA,27,2020
"A78..78",NA,28,2020
"A78..78",NA,29,2020
"A78..78",NA,30,2020
"A78..78",NA,31,2020
"A78..78",NA,32,2020
"A78..78",1,33,2020
"A78..78",NA,34,2020
"A78..78",NA,35,2020
"A78..78",NA,36,2020
"A78..78",NA,37,2020
"A78..78",NA,38,2020
"A78..78",1,39,2020
"A78..78",1,40,2020
"A78..78",NA,41,2020
"A78..78",NA,42,2020
"A78..78",NA,43,2020
"A78..78",1,44,2020
"A78..78",NA,45,2020
"A78..78",NA,46,2020
"A78..78",NA,47,2020
"A78..78",1,48,2020
"A78..78",NA,49,2020
"A78..78",1,50,2020
"A78..78",NA,51,2020
"A78..78",NA,52,2020
"A78..78",NA,53,2020
"A79..79",NA,1,2020
"A79..79",2,2,2020
"A79..79",2,3,2020
"A79..79",1,4,2020
"A79..79",4,5,2020
"A79..79",1,6,2020
"A79..79",NA,7,2020
"A79..79",NA,8,2020
"A79..79",NA,9,2020
"A79..79",1,10,2020
"A79..79",1,11,2020
"A79..79",NA,12,2020
"A79..79",NA,13,2020
"A79..79",NA,14,2020
"A79..79",NA,15,2020
"A79..79",NA,16,2020
"A79..79",NA,17,2020
"A79..79",NA,18,2020
"A79..79",NA,19,2020
"A79..79",1,20,2020
"A79..79",NA,21,2020
"A79..79",NA,22,2020
"A79..79",NA,24,2020
"A79..79",NA,25,2020
"A79..79",NA,26,2020
"A79..79",NA,27,2020
"A79..79",NA,28,2020
"A79..79",NA,29,2020
"A79..79",NA,30,2020
"A79..79",NA,31,2020
"A79..79",NA,32,2020
"A79..79",NA,33,2020
"A79..79",NA,34,2020
"A79..79",NA,35,2020
"A79..79",NA,36,2020
"A79..79",1,37,2020
"A79..79",NA,38,2020
"A79..79",1,39,2020
"A79..79",NA,40,2020
"A79..79",1,41,2020
"A79..79",1,42,2020
"A79..79",NA,43,2020
"A79..79",1,44,2020
"A79..79",NA,45,2020
"A79..79",NA,46,2020
"A79..79",1,47,2020
"A79..79",NA,48,2020
"A79..79",NA,49,2020
"A79..79",NA,50,2020
"A79..79",1,51,2020
"A79..79",NA,52,2020
"A79..79",NA,53,2020
"A80.",9,1,2020
"A80.",13,2,2020
"A80.",7,3,2020
"A80.",4,4,2020
"A80.",5,5,2020
"A80.",8,6,2020
"A80.",7,7,2020
"A80.",4,8,2020
"A80.",7,9,2020
"A80.",9,10,2020
"A80.",1,11,2020
"A80.",3,12,2020
"A80.",2,13,2020
"A80.",1,14,2020
"A80.",3,15,2020
"A80.",NA,16,2020
"A80.",NA,17,2020
"A80.",NA,18,2020
"A80.",1,19,2020
"A80.",NA,20,2020
"A80.",3,21,2020
"A80.",NA,22,2020
"A80.",2,24,2020
"A80.",1,25,2020
"A80.",NA,26,2020
"A80.",2,27,2020
"A80.",NA,28,2020
"A80.",NA,29,2020
"A80.",1,30,2020
"A80.",1,31,2020
"A80.",4,32,2020
"A80.",3,33,2020
"A80.",1,34,2020
"A80.",NA,35,2020
"A80.",NA,36,2020
"A80.",NA,37,2020
"A80.",NA,38,2020
"A80.",1,39,2020
"A80.",2,40,2020
"A80.",1,41,2020
"A80.",NA,42,2020
"A80.",3,43,2020
"A80.",1,44,2020
"A80.",NA,45,2020
"A80.",1,46,2020
"A80.",4,47,2020
"A80.",2,48,2020
"A80.",3,49,2020
"A80.",3,50,2020
"A80.",4,51,2020
"A80.",NA,52,2020
"A80.",3,53,2020
"A00..00",NA,1,2019
"A00..00",NA,2,2019
"A00..00",NA,3,2019
"A00..00",NA,4,2019
"A00..00",NA,5,2019
"A00..00",NA,6,2019
"A00..00",NA,7,2019
"A00..00",NA,8,2019
"A00..00",NA,9,2019
"A00..00",NA,10,2019
"A00..00",NA,11,2019
"A00..00",NA,12,2019
"A00..00",NA,13,2019
"A00..00",NA,14,2019
"A00..00",NA,15,2019
"A00..00",NA,16,2019
"A00..00",NA,17,2019
"A00..00",NA,18,2019
"A00..00",NA,19,2019
"A00..00",NA,20,2019
"A00..00",NA,21,2019
"A00..00",NA,22,2019
"A00..00",NA,23,2019
"A00..00",NA,24,2019
"A00..00",NA,25,2019
"A00..00",NA,26,2019
"A00..00",NA,27,2019
"A00..00",NA,28,2019
"A00..00",NA,29,2019
"A00..00",NA,30,2019
"A00..00",NA,31,2019
"A00..00",NA,32,2019
"A00..00",NA,33,2019
"A00..00",NA,34,2019
"A00..00",NA,35,2019
"A00..00",NA,36,2019
"A00..00",NA,37,2019
"A00..00",NA,38,2019
"A00..00",NA,39,2019
"A00..00",NA,40,2019
"A00..00",1,41,2019
"A00..00",NA,42,2019
"A00..00",NA,43,2019
"A00..00",NA,44,2019
"A00..00",NA,45,2019
"A00..00",NA,46,2019
"A00..00",1,47,2019
"A00..00",NA,48,2019
"A00..00",NA,49,2019
"A00..00",NA,50,2019
"A00..00",NA,51,2019
"A00..00",NA,52,2019
"A01..01",NA,1,2019
"A01..01",NA,2,2019
"A01..01",NA,3,2019
"A01..01",NA,4,2019
"A01..01",NA,5,2019
"A01..01",NA,6,2019
"A01..01",2,7,2019
"A01..01",NA,8,2019
"A01..01",NA,9,2019
"A01..01",NA,10,2019
"A01..01",NA,11,2019
"A01..01",NA,12,2019
"A01..01",1,13,2019
"A01..01",1,14,2019
"A01..01",NA,15,2019
"A01..01",2,16,2019
"A01..01",NA,17,2019
"A01..01",1,18,2019
"A01..01",2,19,2019
"A01..01",NA,20,2019
"A01..01",NA,21,2019
"A01..01",NA,22,2019
"A01..01",NA,23,2019
"A01..01",NA,24,2019
"A01..01",NA,25,2019
"A01..01",NA,26,2019
"A01..01",NA,27,2019
"A01..01",NA,28,2019
"A01..01",NA,29,2019
"A01..01",NA,30,2019
"A01..01",NA,31,2019
"A01..01",NA,32,2019
"A01..01",NA,33,2019
"A01..01",NA,34,2019
"A01..01",NA,35,2019
"A01..01",NA,36,2019
"A01..01",NA,37,2019
"A01..01",1,38,2019
"A01..01",2,39,2019
"A01..01",1,40,2019
"A01..01",NA,41,2019
"A01..01",NA,42,2019
"A01..01",NA,43,2019
"A01..01",NA,44,2019
"A01..01",1,45,2019
"A01..01",NA,46,2019
"A01..01",NA,47,2019
"A01..01",1,48,2019
"A01..01",NA,49,2019
"A01..01",NA,50,2019
"A01..01",NA,51,2019
"A01..01",NA,52,2019
"A02..02",NA,1,2019
"A02..02",1,2,2019
"A02..02",NA,3,2019
"A02..02",NA,4,2019
"A02..02",NA,5,2019
"A02..02",NA,6,2019
"A02..02",NA,7,2019
"A02..02",NA,8,2019
"A02..02",NA,9,2019
"A02..02",NA,10,2019
"A02..02",NA,11,2019
"A02..02",NA,12,2019
"A02..02",NA,13,2019
"A02..02",NA,14,2019
"A02..02",1,15,2019
"A02..02",NA,16,2019
"A02..02",NA,17,2019
"A02..02",NA,18,2019
"A02..02",NA,19,2019
"A02..02",NA,20,2019
"A02..02",NA,21,2019
"A02..02",NA,22,2019
"A02..02",NA,23,2019
"A02..02",NA,24,2019
"A02..02",NA,25,2019
"A02..02",NA,26,2019
"A02..02",NA,27,2019
"A02..02",NA,28,2019
"A02..02",NA,29,2019
"A02..02",NA,30,2019
"A02..02",NA,31,2019
"A02..02",NA,32,2019
"A02..02",1,33,2019
"A02..02",NA,34,2019
"A02..02",NA,35,2019
"A02..02",NA,36,2019
"A02..02",NA,37,2019
"A02..02",NA,38,2019
"A02..02",NA,39,2019
"A02..02",NA,40,2019
"A02..02",1,41,2019
"A02..02",NA,42,2019
"A02..02",NA,43,2019
"A02..02",NA,44,2019
"A02..02",NA,45,2019
"A02..02",NA,46,2019
"A02..02",NA,47,2019
"A02..02",NA,48,2019
"A02..02",NA,49,2019
"A02..02",NA,50,2019
"A02..02",NA,51,2019
"A02..02",NA,52,2019
"A04..04",NA,1,2019
"A04..04",NA,2,2019
"A04..04",NA,3,2019
"A04..04",NA,4,2019
"A04..04",NA,5,2019
"A04..04",NA,6,2019
"A04..04",NA,7,2019
"A04..04",NA,8,2019
"A04..04",NA,9,2019
"A04..04",NA,10,2019
"A04..04",NA,11,2019
"A04..04",NA,12,2019
"A04..04",NA,13,2019
"A04..04",NA,14,2019
"A04..04",NA,15,2019
"A04..04",NA,16,2019
"A04..04",NA,17,2019
"A04..04",NA,18,2019
"A04..04",NA,19,2019
"A04..04",NA,20,2019
"A04..04",NA,21,2019
"A04..04",1,22,2019
"A04..04",NA,23,2019
"A04..04",1,24,2019
"A04..04",NA,25,2019
"A04..04",NA,26,2019
"A04..04",NA,27,2019
"A04..04",NA,28,2019
"A04..04",NA,29,2019
"A04..04",NA,30,2019
"A04..04",NA,31,2019
"A04..04",NA,32,2019
"A04..04",NA,33,2019
"A04..04",NA,34,2019
"A04..04",NA,35,2019
"A04..04",NA,36,2019
"A04..04",NA,37,2019
"A04..04",NA,38,2019
"A04..04",NA,39,2019
"A04..04",NA,40,2019
"A04..04",NA,41,2019
"A04..04",NA,42,2019
"A04..04",NA,43,2019
"A04..04",NA,44,2019
"A04..04",NA,45,2019
"A04..04",NA,46,2019
"A04..04",NA,47,2019
"A04..04",NA,48,2019
"A04..04",NA,49,2019
"A04..04",NA,50,2019
"A04..04",NA,51,2019
"A04..04",NA,52,2019
"A06..06",NA,1,2019
"A06..06",NA,2,2019
"A06..06",NA,3,2019
"A06..06",NA,4,2019
"A06..06",NA,5,2019
"A06..06",NA,6,2019
"A06..06",NA,7,2019
"A06..06",NA,8,2019
"A06..06",NA,9,2019
"A06..06",NA,10,2019
"A06..06",NA,11,2019
"A06..06",NA,12,2019
"A06..06",NA,13,2019
"A06..06",NA,14,2019
"A06..06",NA,15,2019
"A06..06",NA,16,2019
"A06..06",NA,17,2019
"A06..06",NA,18,2019
"A06..06",NA,19,2019
"A06..06",NA,20,2019
"A06..06",NA,21,2019
"A06..06",NA,22,2019
"A06..06",NA,23,2019
"A06..06",1,24,2019
"A06..06",NA,25,2019
"A06..06",NA,26,2019
"A06..06",NA,27,2019
"A06..06",NA,28,2019
"A06..06",NA,29,2019
"A06..06",NA,30,2019
"A06..06",NA,31,2019
"A06..06",NA,32,2019
"A06..06",NA,33,2019
"A06..06",NA,34,2019
"A06..06",NA,35,2019
"A06..06",NA,36,2019
"A06..06",NA,37,2019
"A06..06",NA,38,2019
"A06..06",NA,39,2019
"A06..06",NA,40,2019
"A06..06",NA,41,2019
"A06..06",NA,42,2019
"A06..06",NA,43,2019
"A06..06",NA,44,2019
"A06..06",NA,45,2019
"A06..06",NA,46,2019
"A06..06",NA,47,2019
"A06..06",NA,48,2019
"A06..06",NA,49,2019
"A06..06",NA,50,2019
"A06..06",NA,51,2019
"A06..06",NA,52,2019
"A07..07",NA,1,2019
"A07..07",NA,2,2019
"A07..07",NA,3,2019
"A07..07",NA,4,2019
"A07..07",NA,5,2019
"A07..07",NA,6,2019
"A07..07",NA,7,2019
"A07..07",NA,8,2019
"A07..07",NA,9,2019
"A07..07",NA,10,2019
"A07..07",NA,11,2019
"A07..07",NA,12,2019
"A07..07",1,13,2019
"A07..07",NA,14,2019
"A07..07",NA,15,2019
"A07..07",NA,16,2019
"A07..07",NA,17,2019
"A07..07",NA,18,2019
"A07..07",NA,19,2019
"A07..07",NA,20,2019
"A07..07",NA,21,2019
"A07..07",NA,22,2019
"A07..07",NA,23,2019
"A07..07",1,24,2019
"A07..07",NA,25,2019
"A07..07",NA,26,2019
"A07..07",NA,27,2019
"A07..07",NA,28,2019
"A07..07",NA,29,2019
"A07..07",NA,30,2019
"A07..07",NA,31,2019
"A07..07",NA,32,2019
"A07..07",NA,33,2019
"A07..07",NA,34,2019
"A07..07",NA,35,2019
"A07..07",NA,36,2019
"A07..07",NA,37,2019
"A07..07",NA,38,2019
"A07..07",NA,39,2019
"A07..07",NA,40,2019
"A07..07",NA,41,2019
"A07..07",NA,42,2019
"A07..07",NA,43,2019
"A07..07",NA,44,2019
"A07..07",NA,45,2019
"A07..07",NA,46,2019
"A07..07",NA,47,2019
"A07..07",NA,48,2019
"A07..07",NA,49,2019
"A07..07",NA,50,2019
"A07..07",NA,51,2019
"A07..07",NA,52,2019
"A11..11",NA,1,2019
"A11..11",NA,2,2019
"A11..11",NA,3,2019
"A11..11",NA,4,2019
"A11..11",NA,5,2019
"A11..11",NA,6,2019
"A11..11",NA,7,2019
"A11..11",NA,8,2019
"A11..11",NA,9,2019
"A11..11",NA,10,2019
"A11..11",NA,11,2019
"A11..11",1,12,2019
"A11..11",NA,13,2019
"A11..11",NA,14,2019
"A11..11",NA,15,2019
"A11..11",NA,16,2019
"A11..11",NA,17,2019
"A11..11",NA,18,2019
"A11..11",NA,19,2019
"A11..11",NA,20,2019
"A11..11",NA,21,2019
"A11..11",NA,22,2019
"A11..11",NA,23,2019
"A11..11",NA,24,2019
"A11..11",NA,25,2019
"A11..11",NA,26,2019
"A11..11",NA,27,2019
"A11..11",NA,28,2019
"A11..11",NA,29,2019
"A11..11",NA,30,2019
"A11..11",NA,31,2019
"A11..11",NA,32,2019
"A11..11",NA,33,2019
"A11..11",NA,34,2019
"A11..11",NA,35,2019
"A11..11",NA,36,2019
"A11..11",NA,37,2019
"A11..11",NA,38,2019
"A11..11",NA,39,2019
"A11..11",NA,40,2019
"A11..11",NA,41,2019
"A11..11",NA,42,2019
"A11..11",NA,43,2019
"A11..11",NA,44,2019
"A11..11",NA,45,2019
"A11..11",NA,46,2019
"A11..11",NA,47,2019
"A11..11",NA,48,2019
"A11..11",NA,49,2019
"A11..11",NA,50,2019
"A11..11",NA,51,2019
"A11..11",NA,52,2019
"A13..13",NA,1,2019
"A13..13",NA,2,2019
"A13..13",NA,3,2019
"A13..13",NA,4,2019
"A13..13",NA,5,2019
"A13..13",1,6,2019
"A13..13",NA,7,2019
"A13..13",NA,8,2019
"A13..13",NA,9,2019
"A13..13",NA,10,2019
"A13..13",NA,11,2019
"A13..13",NA,12,2019
"A13..13",NA,13,2019
"A13..13",NA,14,2019
"A13..13",NA,15,2019
"A13..13",NA,16,2019
"A13..13",NA,17,2019
"A13..13",NA,18,2019
"A13..13",NA,19,2019
"A13..13",NA,20,2019
"A13..13",NA,21,2019
"A13..13",NA,22,2019
"A13..13",NA,23,2019
"A13..13",NA,24,2019
"A13..13",NA,25,2019
"A13..13",NA,26,2019
"A13..13",NA,27,2019
"A13..13",NA,28,2019
"A13..13",NA,29,2019
"A13..13",NA,30,2019
"A13..13",NA,31,2019
"A13..13",NA,32,2019
"A13..13",NA,33,2019
"A13..13",NA,34,2019
"A13..13",NA,35,2019
"A13..13",NA,36,2019
"A13..13",NA,37,2019
"A13..13",NA,38,2019
"A13..13",NA,39,2019
"A13..13",NA,40,2019
"A13..13",NA,41,2019
"A13..13",NA,42,2019
"A13..13",NA,43,2019
"A13..13",NA,44,2019
"A13..13",NA,45,2019
"A13..13",NA,46,2019
"A13..13",NA,47,2019
"A13..13",NA,48,2019
"A13..13",NA,49,2019
"A13..13",NA,50,2019
"A13..13",NA,51,2019
"A13..13",NA,52,2019
"A15..15",1,1,2019
"A15..15",NA,2,2019
"A15..15",NA,3,2019
"A15..15",NA,4,2019
"A15..15",NA,5,2019
"A15..15",NA,6,2019
"A15..15",NA,7,2019
"A15..15",NA,8,2019
"A15..15",NA,9,2019
"A15..15",NA,10,2019
"A15..15",NA,11,2019
"A15..15",NA,12,2019
"A15..15",NA,13,2019
"A15..15",NA,14,2019
"A15..15",NA,15,2019
"A15..15",NA,16,2019
"A15..15",NA,17,2019
"A15..15",NA,18,2019
"A15..15",NA,19,2019
"A15..15",NA,20,2019
"A15..15",NA,21,2019
"A15..15",NA,22,2019
"A15..15",NA,23,2019
"A15..15",NA,24,2019
"A15..15",NA,25,2019
"A15..15",NA,26,2019
"A15..15",NA,27,2019
"A15..15",NA,28,2019
"A15..15",NA,29,2019
"A15..15",NA,30,2019
"A15..15",NA,31,2019
"A15..15",NA,32,2019
"A15..15",NA,33,2019
"A15..15",NA,34,2019
"A15..15",NA,35,2019
"A15..15",NA,36,2019
"A15..15",NA,37,2019
"A15..15",NA,38,2019
"A15..15",NA,39,2019
"A15..15",NA,40,2019
"A15..15",NA,41,2019
"A15..15",NA,42,2019
"A15..15",NA,43,2019
"A15..15",NA,44,2019
"A15..15",NA,45,2019
"A15..15",NA,46,2019
"A15..15",NA,47,2019
"A15..15",NA,48,2019
"A15..15",NA,49,2019
"A15..15",NA,50,2019
"A15..15",NA,51,2019
"A15..15",NA,52,2019
"A19..19",NA,1,2019
"A19..19",NA,2,2019
"A19..19",NA,3,2019
"A19..19",NA,4,2019
"A19..19",NA,5,2019
"A19..19",NA,6,2019
"A19..19",NA,7,2019
"A19..19",NA,8,2019
"A19..19",1,9,2019
"A19..19",NA,10,2019
"A19..19",1,11,2019
"A19..19",NA,12,2019
"A19..19",NA,13,2019
"A19..19",NA,14,2019
"A19..19",NA,15,2019
"A19..19",NA,16,2019
"A19..19",NA,17,2019
"A19..19",NA,18,2019
"A19..19",NA,19,2019
"A19..19",NA,20,2019
"A19..19",NA,21,2019
"A19..19",NA,22,2019
"A19..19",NA,23,2019
"A19..19",NA,24,2019
"A19..19",NA,25,2019
"A19..19",NA,26,2019
"A19..19",NA,27,2019
"A19..19",NA,28,2019
"A19..19",NA,29,2019
"A19..19",NA,30,2019
"A19..19",NA,31,2019
"A19..19",NA,32,2019
"A19..19",NA,33,2019
"A19..19",NA,34,2019
"A19..19",NA,35,2019
"A19..19",NA,36,2019
"A19..19",NA,37,2019
"A19..19",NA,38,2019
"A19..19",NA,39,2019
"A19..19",NA,40,2019
"A19..19",NA,41,2019
"A19..19",NA,42,2019
"A19..19",NA,43,2019
"A19..19",NA,44,2019
"A19..19",NA,45,2019
"A19..19",NA,46,2019
"A19..19",NA,47,2019
"A19..19",NA,48,2019
"A19..19",NA,49,2019
"A19..19",NA,50,2019
"A19..19",NA,51,2019
"A19..19",NA,52,2019
"A21..21",NA,1,2019
"A21..21",1,2,2019
"A21..21",NA,3,2019
"A21..21",NA,4,2019
"A21..21",NA,5,2019
"A21..21",NA,6,2019
"A21..21",NA,7,2019
"A21..21",NA,8,2019
"A21..21",NA,9,2019
"A21..21",NA,10,2019
"A21..21",NA,11,2019
"A21..21",NA,12,2019
"A21..21",NA,13,2019
"A21..21",NA,14,2019
"A21..21",NA,15,2019
"A21..21",NA,16,2019
"A21..21",NA,17,2019
"A21..21",NA,18,2019
"A21..21",NA,19,2019
"A21..21",NA,20,2019
"A21..21",NA,21,2019
"A21..21",NA,22,2019
"A21..21",NA,23,2019
"A21..21",NA,24,2019
"A21..21",NA,25,2019
"A21..21",NA,26,2019
"A21..21",NA,27,2019
"A21..21",NA,28,2019
"A21..21",NA,29,2019
"A21..21",NA,30,2019
"A21..21",NA,31,2019
"A21..21",NA,32,2019
"A21..21",NA,33,2019
"A21..21",NA,34,2019
"A21..21",NA,35,2019
"A21..21",NA,36,2019
"A21..21",NA,37,2019
"A21..21",NA,38,2019
"A21..21",NA,39,2019
"A21..21",NA,40,2019
"A21..21",NA,41,2019
"A21..21",NA,42,2019
"A21..21",NA,43,2019
"A21..21",NA,44,2019
"A21..21",NA,45,2019
"A21..21",NA,46,2019
"A21..21",NA,47,2019
"A21..21",NA,48,2019
"A21..21",NA,49,2019
"A21..21",NA,50,2019
"A21..21",NA,51,2019
"A21..21",NA,52,2019
"A22..22",NA,1,2019
"A22..22",NA,2,2019
"A22..22",NA,3,2019
"A22..22",NA,4,2019
"A22..22",NA,5,2019
"A22..22",NA,6,2019
"A22..22",NA,7,2019
"A22..22",NA,8,2019
"A22..22",NA,9,2019
"A22..22",NA,10,2019
"A22..22",NA,11,2019
"A22..22",NA,12,2019
"A22..22",NA,13,2019
"A22..22",NA,14,2019
"A22..22",NA,15,2019
"A22..22",NA,16,2019
"A22..22",NA,17,2019
"A22..22",NA,18,2019
"A22..22",NA,19,2019
"A22..22",NA,20,2019
"A22..22",NA,21,2019
"A22..22",NA,22,2019
"A22..22",NA,23,2019
"A22..22",NA,24,2019
"A22..22",NA,25,2019
"A22..22",NA,26,2019
"A22..22",NA,27,2019
"A22..22",NA,28,2019
"A22..22",NA,29,2019
"A22..22",NA,30,2019
"A22..22",NA,31,2019
"A22..22",NA,32,2019
"A22..22",NA,33,2019
"A22..22",NA,34,2019
"A22..22",NA,35,2019
"A22..22",NA,36,2019
"A22..22",NA,37,2019
"A22..22",NA,38,2019
"A22..22",NA,39,2019
"A22..22",NA,40,2019
"A22..22",NA,41,2019
"A22..22",NA,42,2019
"A22..22",NA,43,2019
"A22..22",NA,44,2019
"A22..22",NA,45,2019
"A22..22",NA,46,2019
"A22..22",NA,47,2019
"A22..22",NA,48,2019
"A22..22",NA,49,2019
"A22..22",NA,50,2019
"A22..22",1,51,2019
"A22..22",NA,52,2019
"A27..27",NA,1,2019
"A27..27",NA,2,2019
"A27..27",NA,3,2019
"A27..27",NA,4,2019
"A27..27",NA,5,2019
"A27..27",NA,6,2019
"A27..27",NA,7,2019
"A27..27",1,8,2019
"A27..27",NA,9,2019
"A27..27",NA,10,2019
"A27..27",NA,11,2019
"A27..27",NA,12,2019
"A27..27",NA,13,2019
"A27..27",NA,14,2019
"A27..27",NA,15,2019
"A27..27",NA,16,2019
"A27..27",NA,17,2019
"A27..27",NA,18,2019
"A27..27",1,19,2019
"A27..27",NA,20,2019
"A27..27",NA,21,2019
"A27..27",NA,22,2019
"A27..27",NA,23,2019
"A27..27",NA,24,2019
"A27..27",NA,25,2019
"A27..27",NA,26,2019
"A27..27",NA,27,2019
"A27..27",NA,28,2019
"A27..27",NA,29,2019
"A27..27",NA,30,2019
"A27..27",NA,31,2019
"A27..27",NA,32,2019
"A27..27",NA,33,2019
"A27..27",NA,34,2019
"A27..27",NA,35,2019
"A27..27",NA,36,2019
"A27..27",NA,37,2019
"A27..27",NA,38,2019
"A27..27",NA,39,2019
"A27..27",NA,40,2019
"A27..27",NA,41,2019
"A27..27",NA,42,2019
"A27..27",NA,43,2019
"A27..27",NA,44,2019
"A27..27",NA,45,2019
"A27..27",NA,46,2019
"A27..27",NA,47,2019
"A27..27",NA,48,2019
"A27..27",NA,49,2019
"A27..27",NA,50,2019
"A27..27",1,51,2019
"A27..27",NA,52,2019
"A28..28",NA,1,2019
"A28..28",NA,2,2019
"A28..28",NA,3,2019
"A28..28",NA,4,2019
"A28..28",NA,5,2019
"A28..28",NA,6,2019
"A28..28",NA,7,2019
"A28..28",NA,8,2019
"A28..28",NA,9,2019
"A28..28",NA,10,2019
"A28..28",NA,11,2019
"A28..28",NA,12,2019
"A28..28",NA,13,2019
"A28..28",NA,14,2019
"A28..28",NA,15,2019
"A28..28",1,16,2019
"A28..28",NA,17,2019
"A28..28",NA,18,2019
"A28..28",NA,19,2019
"A28..28",NA,20,2019
"A28..28",NA,21,2019
"A28..28",NA,22,2019
"A28..28",NA,23,2019
"A28..28",NA,24,2019
"A28..28",NA,25,2019
"A28..28",NA,26,2019
"A28..28",NA,27,2019
"A28..28",NA,28,2019
"A28..28",NA,29,2019
"A28..28",NA,30,2019
"A28..28",NA,31,2019
"A28..28",NA,32,2019
"A28..28",NA,33,2019
"A28..28",NA,34,2019
"A28..28",NA,35,2019
"A28..28",NA,36,2019
"A28..28",NA,37,2019
"A28..28",NA,38,2019
"A28..28",NA,39,2019
"A28..28",NA,40,2019
"A28..28",NA,41,2019
"A28..28",NA,42,2019
"A28..28",NA,43,2019
"A28..28",NA,44,2019
"A28..28",NA,45,2019
"A28..28",NA,46,2019
"A28..28",NA,47,2019
"A28..28",NA,48,2019
"A28..28",NA,49,2019
"A28..28",NA,50,2019
"A28..28",NA,51,2019
"A28..28",NA,52,2019
"A29..29",NA,1,2019
"A29..29",NA,2,2019
"A29..29",NA,3,2019
"A29..29",NA,4,2019
"A29..29",NA,5,2019
"A29..29",NA,6,2019
"A29..29",NA,7,2019
"A29..29",NA,8,2019
"A29..29",NA,9,2019
"A29..29",NA,10,2019
"A29..29",NA,11,2019
"A29..29",NA,12,2019
"A29..29",NA,13,2019
"A29..29",NA,14,2019
"A29..29",NA,15,2019
"A29..29",NA,16,2019
"A29..29",NA,17,2019
"A29..29",NA,18,2019
"A29..29",NA,19,2019
"A29..29",NA,20,2019
"A29..29",NA,21,2019
"A29..29",NA,22,2019
"A29..29",NA,23,2019
"A29..29",NA,24,2019
"A29..29",NA,25,2019
"A29..29",NA,26,2019
"A29..29",NA,27,2019
"A29..29",1,28,2019
"A29..29",NA,29,2019
"A29..29",NA,30,2019
"A29..29",NA,31,2019
"A29..29",NA,32,2019
"A29..29",NA,33,2019
"A29..29",NA,34,2019
"A29..29",NA,35,2019
"A29..29",NA,36,2019
"A29..29",NA,37,2019
"A29..29",NA,38,2019
"A29..29",NA,39,2019
"A29..29",NA,40,2019
"A29..29",NA,41,2019
"A29..29",NA,42,2019
"A29..29",NA,43,2019
"A29..29",NA,44,2019
"A29..29",NA,45,2019
"A29..29",NA,46,2019
"A29..29",NA,47,2019
"A29..29",NA,48,2019
"A29..29",NA,49,2019
"A29..29",NA,50,2019
"A29..29",NA,51,2019
"A29..29",NA,52,2019
"A30..30",NA,1,2019
"A30..30",NA,2,2019
"A30..30",NA,3,2019
"A30..30",NA,4,2019
"A30..30",NA,5,2019
"A30..30",NA,6,2019
"A30..30",NA,7,2019
"A30..30",NA,8,2019
"A30..30",NA,9,2019
"A30..30",NA,10,2019
"A30..30",1,11,2019
"A30..30",NA,12,2019
"A30..30",NA,13,2019
"A30..30",NA,14,2019
"A30..30",NA,15,2019
"A30..30",NA,16,2019
"A30..30",NA,17,2019
"A30..30",NA,18,2019
"A30..30",NA,19,2019
"A30..30",NA,20,2019
"A30..30",NA,21,2019
"A30..30",NA,22,2019
"A30..30",1,23,2019
"A30..30",NA,24,2019
"A30..30",NA,25,2019
"A30..30",NA,26,2019
"A30..30",NA,27,2019
"A30..30",NA,28,2019
"A30..30",NA,29,2019
"A30..30",NA,30,2019
"A30..30",NA,31,2019
"A30..30",NA,32,2019
"A30..30",NA,33,2019
"A30..30",NA,34,2019
"A30..30",NA,35,2019
"A30..30",NA,36,2019
"A30..30",NA,37,2019
"A30..30",NA,38,2019
"A30..30",NA,39,2019
"A30..30",NA,40,2019
"A30..30",NA,41,2019
"A30..30",NA,42,2019
"A30..30",NA,43,2019
"A30..30",NA,44,2019
"A30..30",NA,45,2019
"A30..30",NA,46,2019
"A30..30",NA,47,2019
"A30..30",NA,48,2019
"A30..30",NA,49,2019
"A30..30",NA,50,2019
"A30..30",NA,51,2019
"A30..30",NA,52,2019
"A31..31",NA,1,2019
"A31..31",1,2,2019
"A31..31",NA,3,2019
"A31..31",NA,4,2019
"A31..31",NA,5,2019
"A31..31",NA,6,2019
"A31..31",NA,7,2019
"A31..31",NA,8,2019
"A31..31",NA,9,2019
"A31..31",1,10,2019
"A31..31",NA,11,2019
"A31..31",NA,12,2019
"A31..31",NA,13,2019
"A31..31",NA,14,2019
"A31..31",NA,15,2019
"A31..31",NA,16,2019
"A31..31",NA,17,2019
"A31..31",NA,18,2019
"A31..31",NA,19,2019
"A31..31",NA,20,2019
"A31..31",NA,21,2019
"A31..31",NA,22,2019
"A31..31",NA,23,2019
"A31..31",NA,24,2019
"A31..31",NA,25,2019
"A31..31",NA,26,2019
"A31..31",NA,27,2019
"A31..31",NA,28,2019
"A31..31",NA,29,2019
"A31..31",NA,30,2019
"A31..31",NA,31,2019
"A31..31",NA,32,2019
"A31..31",NA,33,2019
"A31..31",NA,34,2019
"A31..31",NA,35,2019
"A31..31",NA,36,2019
"A31..31",NA,37,2019
"A31..31",NA,38,2019
"A31..31",NA,39,2019
"A31..31",NA,40,2019
"A31..31",NA,41,2019
"A31..31",NA,42,2019
"A31..31",NA,43,2019
"A31..31",NA,44,2019
"A31..31",NA,45,2019
"A31..31",1,46,2019
"A31..31",NA,47,2019
"A31..31",NA,48,2019
"A31..31",NA,49,2019
"A31..31",NA,50,2019
"A31..31",NA,51,2019
"A31..31",NA,52,2019
"A32..32",NA,1,2019
"A32..32",NA,2,2019
"A32..32",NA,3,2019
"A32..32",NA,4,2019
"A32..32",NA,5,2019
"A32..32",NA,6,2019
"A32..32",NA,7,2019
"A32..32",1,8,2019
"A32..32",NA,9,2019
"A32..32",NA,10,2019
"A32..32",NA,11,2019
"A32..32",1,12,2019
"A32..32",NA,13,2019
"A32..32",NA,14,2019
"A32..32",NA,15,2019
"A32..32",NA,16,2019
"A32..32",NA,17,2019
"A32..32",1,18,2019
"A32..32",NA,19,2019
"A32..32",NA,20,2019
"A32..32",NA,21,2019
"A32..32",NA,22,2019
"A32..32",NA,23,2019
"A32..32",NA,24,2019
"A32..32",NA,25,2019
"A32..32",NA,26,2019
"A32..32",NA,27,2019
"A32..32",NA,28,2019
"A32..32",NA,29,2019
"A32..32",NA,30,2019
"A32..32",NA,31,2019
"A32..32",NA,32,2019
"A32..32",NA,33,2019
"A32..32",NA,34,2019
"A32..32",NA,35,2019
"A32..32",NA,36,2019
"A32..32",NA,37,2019
"A32..32",NA,38,2019
"A32..32",NA,39,2019
"A32..32",NA,40,2019
"A32..32",NA,41,2019
"A32..32",NA,42,2019
"A32..32",NA,43,2019
"A32..32",NA,44,2019
"A32..32",NA,45,2019
"A32..32",NA,46,2019
"A32..32",NA,47,2019
"A32..32",NA,48,2019
"A32..32",NA,49,2019
"A32..32",1,50,2019
"A32..32",NA,51,2019
"A32..32",NA,52,2019
"A33..33",NA,1,2019
"A33..33",NA,2,2019
"A33..33",NA,3,2019
"A33..33",NA,4,2019
"A33..33",NA,5,2019
"A33..33",NA,6,2019
"A33..33",NA,7,2019
"A33..33",NA,8,2019
"A33..33",NA,9,2019
"A33..33",NA,10,2019
"A33..33",1,11,2019
"A33..33",NA,12,2019
"A33..33",NA,13,2019
"A33..33",NA,14,2019
"A33..33",NA,15,2019
"A33..33",NA,16,2019
"A33..33",NA,17,2019
"A33..33",NA,18,2019
"A33..33",NA,19,2019
"A33..33",NA,20,2019
"A33..33",NA,21,2019
"A33..33",NA,22,2019
"A33..33",NA,23,2019
"A33..33",NA,24,2019
"A33..33",NA,25,2019
"A33..33",NA,26,2019
"A33..33",NA,27,2019
"A33..33",NA,28,2019
"A33..33",NA,29,2019
"A33..33",NA,30,2019
"A33..33",NA,31,2019
"A33..33",NA,32,2019
"A33..33",NA,33,2019
"A33..33",NA,34,2019
"A33..33",NA,35,2019
"A33..33",NA,36,2019
"A33..33",NA,37,2019
"A33..33",NA,38,2019
"A33..33",NA,39,2019
"A33..33",NA,40,2019
"A33..33",NA,41,2019
"A33..33",NA,42,2019
"A33..33",NA,43,2019
"A33..33",NA,44,2019
"A33..33",NA,45,2019
"A33..33",NA,46,2019
"A33..33",NA,47,2019
"A33..33",NA,48,2019
"A33..33",NA,49,2019
"A33..33",2,50,2019
"A33..33",NA,51,2019
"A33..33",NA,52,2019
"A34..34",NA,1,2019
"A34..34",NA,2,2019
"A34..34",NA,3,2019
"A34..34",NA,4,2019
"A34..34",NA,5,2019
"A34..34",NA,6,2019
"A34..34",NA,7,2019
"A34..34",1,8,2019
"A34..34",NA,9,2019
"A34..34",NA,10,2019
"A34..34",NA,11,2019
"A34..34",NA,12,2019
"A34..34",NA,13,2019
"A34..34",NA,14,2019
"A34..34",NA,15,2019
"A34..34",NA,16,2019
"A34..34",NA,17,2019
"A34..34",NA,18,2019
"A34..34",NA,19,2019
"A34..34",1,20,2019
"A34..34",NA,21,2019
"A34..34",NA,22,2019
"A34..34",NA,23,2019
"A34..34",NA,24,2019
"A34..34",NA,25,2019
"A34..34",NA,26,2019
"A34..34",NA,27,2019
"A34..34",NA,28,2019
"A34..34",NA,29,2019
"A34..34",NA,30,2019
"A34..34",NA,31,2019
"A34..34",NA,32,2019
"A34..34",NA,33,2019
"A34..34",NA,34,2019
"A34..34",NA,35,2019
"A34..34",NA,36,2019
"A34..34",NA,37,2019
"A34..34",NA,38,2019
"A34..34",NA,39,2019
"A34..34",NA,40,2019
"A34..34",NA,41,2019
"A34..34",NA,42,2019
"A34..34",NA,43,2019
"A34..34",NA,44,2019
"A34..34",NA,45,2019
"A34..34",NA,46,2019
"A34..34",NA,47,2019
"A34..34",NA,48,2019
"A34..34",NA,49,2019
"A34..34",NA,50,2019
"A34..34",NA,51,2019
"A34..34",NA,52,2019
"A35..35",NA,1,2019
"A35..35",1,2,2019
"A35..35",NA,3,2019
"A35..35",1,4,2019
"A35..35",NA,5,2019
"A35..35",NA,6,2019
"A35..35",NA,7,2019
"A35..35",NA,8,2019
"A35..35",NA,9,2019
"A35..35",NA,10,2019
"A35..35",NA,11,2019
"A35..35",NA,12,2019
"A35..35",NA,13,2019
"A35..35",NA,14,2019
"A35..35",NA,15,2019
"A35..35",NA,16,2019
"A35..35",NA,17,2019
"A35..35",NA,18,2019
"A35..35",NA,19,2019
"A35..35",NA,20,2019
"A35..35",NA,21,2019
"A35..35",NA,22,2019
"A35..35",NA,23,2019
"A35..35",NA,24,2019
"A35..35",NA,25,2019
"A35..35",NA,26,2019
"A35..35",NA,27,2019
"A35..35",NA,28,2019
"A35..35",NA,29,2019
"A35..35",NA,30,2019
"A35..35",NA,31,2019
"A35..35",NA,32,2019
"A35..35",NA,33,2019
"A35..35",NA,34,2019
"A35..35",NA,35,2019
"A35..35",NA,36,2019
"A35..35",NA,37,2019
"A35..35",NA,38,2019
"A35..35",NA,39,2019
"A35..35",NA,40,2019
"A35..35",NA,41,2019
"A35..35",NA,42,2019
"A35..35",NA,43,2019
"A35..35",NA,44,2019
"A35..35",NA,45,2019
"A35..35",NA,46,2019
"A35..35",NA,47,2019
"A35..35",NA,48,2019
"A35..35",NA,49,2019
"A35..35",NA,50,2019
"A35..35",NA,51,2019
"A35..35",NA,52,2019
"A36..36",NA,1,2019
"A36..36",NA,2,2019
"A36..36",NA,3,2019
"A36..36",NA,4,2019
"A36..36",NA,5,2019
"A36..36",NA,6,2019
"A36..36",NA,7,2019
"A36..36",NA,8,2019
"A36..36",NA,9,2019
"A36..36",NA,10,2019
"A36..36",NA,11,2019
"A36..36",NA,12,2019
"A36..36",NA,13,2019
"A36..36",NA,14,2019
"A36..36",1,15,2019
"A36..36",NA,16,2019
"A36..36",NA,17,2019
"A36..36",1,18,2019
"A36..36",NA,19,2019
"A36..36",NA,20,2019
"A36..36",NA,21,2019
"A36..36",NA,22,2019
"A36..36",NA,23,2019
"A36..36",NA,24,2019
"A36..36",NA,25,2019
"A36..36",NA,26,2019
"A36..36",NA,27,2019
"A36..36",NA,28,2019
"A36..36",NA,29,2019
"A36..36",NA,30,2019
"A36..36",NA,31,2019
"A36..36",NA,32,2019
"A36..36",NA,33,2019
"A36..36",NA,34,2019
"A36..36",NA,35,2019
"A36..36",NA,36,2019
"A36..36",NA,37,2019
"A36..36",1,38,2019
"A36..36",NA,39,2019
"A36..36",NA,40,2019
"A36..36",NA,41,2019
"A36..36",NA,42,2019
"A36..36",NA,43,2019
"A36..36",NA,44,2019
"A36..36",NA,45,2019
"A36..36",NA,46,2019
"A36..36",NA,47,2019
"A36..36",NA,48,2019
"A36..36",NA,49,2019
"A36..36",NA,50,2019
"A36..36",NA,51,2019
"A36..36",NA,52,2019
"A37..37",NA,1,2019
"A37..37",NA,2,2019
"A37..37",NA,3,2019
"A37..37",NA,4,2019
"A37..37",NA,5,2019
"A37..37",NA,6,2019
"A37..37",NA,7,2019
"A37..37",NA,8,2019
"A37..37",NA,9,2019
"A37..37",NA,10,2019
"A37..37",NA,11,2019
"A37..37",NA,12,2019
"A37..37",NA,13,2019
"A37..37",2,14,2019
"A37..37",NA,15,2019
"A37..37",NA,16,2019
"A37..37",NA,17,2019
"A37..37",NA,18,2019
"A37..37",1,19,2019
"A37..37",NA,20,2019
"A37..37",NA,21,2019
"A37..37",NA,22,2019
"A37..37",NA,23,2019
"A37..37",NA,24,2019
"A37..37",NA,25,2019
"A37..37",NA,26,2019
"A37..37",1,27,2019
"A37..37",NA,28,2019
"A37..37",NA,29,2019
"A37..37",NA,30,2019
"A37..37",NA,31,2019
"A37..37",NA,32,2019
"A37..37",NA,33,2019
"A37..37",NA,34,2019
"A37..37",NA,35,2019
"A37..37",NA,36,2019
"A37..37",NA,37,2019
"A37..37",NA,38,2019
"A37..37",NA,39,2019
"A37..37",NA,40,2019
"A37..37",NA,41,2019
"A37..37",NA,42,2019
"A37..37",NA,43,2019
"A37..37",NA,44,2019
"A37..37",NA,45,2019
"A37..37",NA,46,2019
"A37..37",NA,47,2019
"A37..37",NA,48,2019
"A37..37",NA,49,2019
"A37..37",NA,50,2019
"A37..37",1,51,2019
"A37..37",NA,52,2019
"A38..38",NA,1,2019
"A38..38",NA,2,2019
"A38..38",NA,3,2019
"A38..38",NA,4,2019
"A38..38",1,5,2019
"A38..38",NA,6,2019
"A38..38",NA,7,2019
"A38..38",NA,8,2019
"A38..38",NA,9,2019
"A38..38",NA,10,2019
"A38..38",NA,11,2019
"A38..38",1,12,2019
"A38..38",NA,13,2019
"A38..38",NA,14,2019
"A38..38",NA,15,2019
"A38..38",NA,16,2019
"A38..38",NA,17,2019
"A38..38",NA,18,2019
"A38..38",NA,19,2019
"A38..38",NA,20,2019
"A38..38",NA,21,2019
"A38..38",NA,22,2019
"A38..38",NA,23,2019
"A38..38",NA,24,2019
"A38..38",NA,25,2019
"A38..38",NA,26,2019
"A38..38",NA,27,2019
"A38..38",NA,28,2019
"A38..38",NA,29,2019
"A38..38",NA,30,2019
"A38..38",NA,31,2019
"A38..38",1,32,2019
"A38..38",1,33,2019
"A38..38",NA,34,2019
"A38..38",NA,35,2019
"A38..38",NA,36,2019
"A38..38",NA,37,2019
"A38..38",NA,38,2019
"A38..38",NA,39,2019
"A38..38",NA,40,2019
"A38..38",NA,41,2019
"A38..38",NA,42,2019
"A38..38",NA,43,2019
"A38..38",NA,44,2019
"A38..38",NA,45,2019
"A38..38",NA,46,2019
"A38..38",NA,47,2019
"A38..38",NA,48,2019
"A38..38",NA,49,2019
"A38..38",NA,50,2019
"A38..38",NA,51,2019
"A38..38",NA,52,2019
"A39..39",NA,1,2019
"A39..39",NA,2,2019
"A39..39",NA,3,2019
"A39..39",NA,4,2019
"A39..39",NA,5,2019
"A39..39",NA,6,2019
"A39..39",NA,7,2019
"A39..39",NA,8,2019
"A39..39",NA,9,2019
"A39..39",NA,10,2019
"A39..39",NA,11,2019
"A39..39",1,12,2019
"A39..39",NA,13,2019
"A39..39",NA,14,2019
"A39..39",NA,15,2019
"A39..39",NA,16,2019
"A39..39",1,17,2019
"A39..39",NA,18,2019
"A39..39",NA,19,2019
"A39..39",NA,20,2019
"A39..39",NA,21,2019
"A39..39",NA,22,2019
"A39..39",NA,23,2019
"A39..39",NA,24,2019
"A39..39",NA,25,2019
"A39..39",1,26,2019
"A39..39",NA,27,2019
"A39..39",NA,28,2019
"A39..39",NA,29,2019
"A39..39",NA,30,2019
"A39..39",NA,31,2019
"A39..39",NA,32,2019
"A39..39",NA,33,2019
"A39..39",NA,34,2019
"A39..39",NA,35,2019
"A39..39",NA,36,2019
"A39..39",NA,37,2019
"A39..39",NA,38,2019
"A39..39",NA,39,2019
"A39..39",NA,40,2019
"A39..39",1,41,2019
"A39..39",NA,42,2019
"A39..39",NA,43,2019
"A39..39",NA,44,2019
"A39..39",NA,45,2019
"A39..39",NA,46,2019
"A39..39",NA,47,2019
"A39..39",NA,48,2019
"A39..39",NA,49,2019
"A39..39",NA,50,2019
"A39..39",NA,51,2019
"A39..39",1,52,2019
"A41..41",NA,1,2019
"A41..41",NA,2,2019
"A41..41",NA,3,2019
"A41..41",NA,4,2019
"A41..41",1,5,2019
"A41..41",NA,6,2019
"A41..41",NA,7,2019
"A41..41",NA,8,2019
"A41..41",NA,9,2019
"A41..41",1,10,2019
"A41..41",NA,11,2019
"A41..41",NA,12,2019
"A41..41",NA,13,2019
"A41..41",NA,14,2019
"A41..41",NA,15,2019
"A41..41",NA,16,2019
"A41..41",1,17,2019
"A41..41",NA,18,2019
"A41..41",NA,19,2019
"A41..41",NA,20,2019
"A41..41",1,21,2019
"A41..41",NA,22,2019
"A41..41",NA,23,2019
"A41..41",NA,24,2019
"A41..41",NA,25,2019
"A41..41",NA,26,2019
"A41..41",NA,27,2019
"A41..41",NA,28,2019
"A41..41",NA,29,2019
"A41..41",NA,30,2019
"A41..41",NA,31,2019
"A41..41",NA,32,2019
"A41..41",NA,33,2019
"A41..41",NA,34,2019
"A41..41",NA,35,2019
"A41..41",NA,36,2019
"A41..41",NA,37,2019
"A41..41",NA,38,2019
"A41..41",2,39,2019
"A41..41",1,40,2019
"A41..41",NA,41,2019
"A41..41",NA,42,2019
"A41..41",NA,43,2019
"A41..41",NA,44,2019
"A41..41",NA,45,2019
"A41..41",NA,46,2019
"A41..41",NA,47,2019
"A41..41",NA,48,2019
"A41..41",NA,49,2019
"A41..41",NA,50,2019
"A41..41",NA,51,2019
"A41..41",NA,52,2019
"A42..42",NA,1,2019
"A42..42",NA,2,2019
"A42..42",NA,3,2019
"A42..42",NA,4,2019
"A42..42",NA,5,2019
"A42..42",NA,6,2019
"A42..42",NA,7,2019
"A42..42",NA,8,2019
"A42..42",NA,9,2019
"A42..42",NA,10,2019
"A42..42",NA,11,2019
"A42..42",NA,12,2019
"A42..42",NA,13,2019
"A42..42",NA,14,2019
"A42..42",NA,15,2019
"A42..42",NA,16,2019
"A42..42",NA,17,2019
"A42..42",NA,18,2019
"A42..42",NA,19,2019
"A42..42",NA,20,2019
"A42..42",NA,21,2019
"A42..42",NA,22,2019
"A42..42",NA,23,2019
"A42..42",NA,24,2019
"A42..42",1,25,2019
"A42..42",NA,26,2019
"A42..42",NA,27,2019
"A42..42",NA,28,2019
"A42..42",NA,29,2019
"A42..42",NA,30,2019
"A42..42",NA,31,2019
"A42..42",NA,32,2019
"A42..42",NA,33,2019
"A42..42",NA,34,2019
"A42..42",NA,35,2019
"A42..42",NA,36,2019
"A42..42",NA,37,2019
"A42..42",NA,38,2019
"A42..42",NA,39,2019
"A42..42",NA,40,2019
"A42..42",NA,41,2019
"A42..42",NA,42,2019
"A42..42",NA,43,2019
"A42..42",NA,44,2019
"A42..42",NA,45,2019
"A42..42",NA,46,2019
"A42..42",NA,47,2019
"A42..42",NA,48,2019
"A42..42",NA,49,2019
"A42..42",NA,50,2019
"A42..42",NA,51,2019
"A42..42",NA,52,2019
"A43..43",NA,1,2019
"A43..43",NA,2,2019
"A43..43",NA,3,2019
"A43..43",NA,4,2019
"A43..43",NA,5,2019
"A43..43",NA,6,2019
"A43..43",NA,7,2019
"A43..43",NA,8,2019
"A43..43",NA,9,2019
"A43..43",NA,10,2019
"A43..43",NA,11,2019
"A43..43",NA,12,2019
"A43..43",NA,13,2019
"A43..43",NA,14,2019
"A43..43",1,15,2019
"A43..43",NA,16,2019
"A43..43",NA,17,2019
"A43..43",NA,18,2019
"A43..43",NA,19,2019
"A43..43",NA,20,2019
"A43..43",NA,21,2019
"A43..43",NA,22,2019
"A43..43",NA,23,2019
"A43..43",NA,24,2019
"A43..43",NA,25,2019
"A43..43",NA,26,2019
"A43..43",NA,27,2019
"A43..43",NA,28,2019
"A43..43",NA,29,2019
"A43..43",NA,30,2019
"A43..43",NA,31,2019
"A43..43",NA,32,2019
"A43..43",NA,33,2019
"A43..43",NA,34,2019
"A43..43",NA,35,2019
"A43..43",NA,36,2019
"A43..43",NA,37,2019
"A43..43",NA,38,2019
"A43..43",NA,39,2019
"A43..43",NA,40,2019
"A43..43",NA,41,2019
"A43..43",NA,42,2019
"A43..43",NA,43,2019
"A43..43",NA,44,2019
"A43..43",NA,45,2019
"A43..43",NA,46,2019
"A43..43",NA,47,2019
"A43..43",NA,48,2019
"A43..43",NA,49,2019
"A43..43",NA,50,2019
"A43..43",NA,51,2019
"A43..43",NA,52,2019
"A44..44",NA,1,2019
"A44..44",NA,2,2019
"A44..44",NA,3,2019
"A44..44",1,4,2019
"A44..44",NA,5,2019
"A44..44",NA,6,2019
"A44..44",NA,7,2019
"A44..44",NA,8,2019
"A44..44",NA,9,2019
"A44..44",NA,10,2019
"A44..44",1,11,2019
"A44..44",NA,12,2019
"A44..44",NA,13,2019
"A44..44",NA,14,2019
"A44..44",NA,15,2019
"A44..44",NA,16,2019
"A44..44",NA,17,2019
"A44..44",NA,18,2019
"A44..44",NA,19,2019
"A44..44",NA,20,2019
"A44..44",NA,21,2019
"A44..44",NA,22,2019
"A44..44",NA,23,2019
"A44..44",NA,24,2019
"A44..44",NA,25,2019
"A44..44",NA,26,2019
"A44..44",1,27,2019
"A44..44",NA,28,2019
"A44..44",NA,29,2019
"A44..44",NA,30,2019
"A44..44",NA,31,2019
"A44..44",NA,32,2019
"A44..44",NA,33,2019
"A44..44",NA,34,2019
"A44..44",NA,35,2019
"A44..44",NA,36,2019
"A44..44",NA,37,2019
"A44..44",NA,38,2019
"A44..44",NA,39,2019
"A44..44",NA,40,2019
"A44..44",NA,41,2019
"A44..44",NA,42,2019
"A44..44",NA,43,2019
"A44..44",NA,44,2019
"A44..44",NA,45,2019
"A44..44",NA,46,2019
"A44..44",NA,47,2019
"A44..44",NA,48,2019
"A44..44",NA,49,2019
"A44..44",NA,50,2019
"A44..44",NA,51,2019
"A44..44",NA,52,2019
"A45..45",NA,1,2019
"A45..45",NA,2,2019
"A45..45",NA,3,2019
"A45..45",NA,4,2019
"A45..45",NA,5,2019
"A45..45",NA,6,2019
"A45..45",NA,7,2019
"A45..45",NA,8,2019
"A45..45",NA,9,2019
"A45..45",NA,10,2019
"A45..45",NA,11,2019
"A45..45",NA,12,2019
"A45..45",NA,13,2019
"A45..45",NA,14,2019
"A45..45",NA,15,2019
"A45..45",NA,16,2019
"A45..45",NA,17,2019
"A45..45",NA,18,2019
"A45..45",NA,19,2019
"A45..45",NA,20,2019
"A45..45",NA,21,2019
"A45..45",NA,22,2019
"A45..45",NA,23,2019
"A45..45",NA,24,2019
"A45..45",NA,25,2019
"A45..45",NA,26,2019
"A45..45",NA,27,2019
"A45..45",NA,28,2019
"A45..45",NA,29,2019
"A45..45",NA,30,2019
"A45..45",NA,31,2019
"A45..45",NA,32,2019
"A45..45",NA,33,2019
"A45..45",NA,34,2019
"A45..45",NA,35,2019
"A45..45",NA,36,2019
"A45..45",NA,37,2019
"A45..45",NA,38,2019
"A45..45",1,39,2019
"A45..45",1,40,2019
"A45..45",NA,41,2019
"A45..45",NA,42,2019
"A45..45",NA,43,2019
"A45..45",NA,44,2019
"A45..45",NA,45,2019
"A45..45",NA,46,2019
"A45..45",NA,47,2019
"A45..45",NA,48,2019
"A45..45",NA,49,2019
"A45..45",NA,50,2019
"A45..45",NA,51,2019
"A45..45",NA,52,2019
"A46..46",NA,1,2019
"A46..46",NA,2,2019
"A46..46",NA,3,2019
"A46..46",NA,4,2019
"A46..46",1,5,2019
"A46..46",NA,6,2019
"A46..46",NA,7,2019
"A46..46",NA,8,2019
"A46..46",NA,9,2019
"A46..46",NA,10,2019
"A46..46",NA,11,2019
"A46..46",NA,12,2019
"A46..46",NA,13,2019
"A46..46",NA,14,2019
"A46..46",NA,15,2019
"A46..46",NA,16,2019
"A46..46",NA,17,2019
"A46..46",NA,18,2019
"A46..46",NA,19,2019
"A46..46",NA,20,2019
"A46..46",NA,21,2019
"A46..46",NA,22,2019
"A46..46",NA,23,2019
"A46..46",NA,24,2019
"A46..46",NA,25,2019
"A46..46",NA,26,2019
"A46..46",NA,27,2019
"A46..46",NA,28,2019
"A46..46",NA,29,2019
"A46..46",NA,30,2019
"A46..46",NA,31,2019
"A46..46",NA,32,2019
"A46..46",NA,33,2019
"A46..46",NA,34,2019
"A46..46",NA,35,2019
"A46..46",NA,36,2019
"A46..46",NA,37,2019
"A46..46",NA,38,2019
"A46..46",NA,39,2019
"A46..46",NA,40,2019
"A46..46",NA,41,2019
"A46..46",NA,42,2019
"A46..46",NA,43,2019
"A46..46",NA,44,2019
"A46..46",NA,45,2019
"A46..46",NA,46,2019
"A46..46",NA,47,2019
"A46..46",NA,48,2019
"A46..46",1,49,2019
"A46..46",NA,50,2019
"A46..46",NA,51,2019
"A46..46",NA,52,2019
"A47..47",NA,1,2019
"A47..47",NA,2,2019
"A47..47",NA,3,2019
"A47..47",NA,4,2019
"A47..47",NA,5,2019
"A47..47",NA,6,2019
"A47..47",NA,7,2019
"A47..47",NA,8,2019
"A47..47",NA,9,2019
"A47..47",NA,10,2019
"A47..47",NA,11,2019
"A47..47",NA,12,2019
"A47..47",NA,13,2019
"A47..47",1,14,2019
"A47..47",NA,15,2019
"A47..47",NA,16,2019
"A47..47",NA,17,2019
"A47..47",NA,18,2019
"A47..47",NA,19,2019
"A47..47",NA,20,2019
"A47..47",NA,21,2019
"A47..47",NA,22,2019
"A47..47",NA,23,2019
"A47..47",NA,24,2019
"A47..47",NA,25,2019
"A47..47",NA,26,2019
"A47..47",NA,27,2019
"A47..47",NA,28,2019
"A47..47",NA,29,2019
"A47..47",NA,30,2019
"A47..47",NA,31,2019
"A47..47",NA,32,2019
"A47..47",NA,33,2019
"A47..47",NA,34,2019
"A47..47",NA,35,2019
"A47..47",NA,36,2019
"A47..47",NA,37,2019
"A47..47",2,38,2019
"A47..47",NA,39,2019
"A47..47",NA,40,2019
"A47..47",1,41,2019
"A47..47",NA,42,2019
"A47..47",NA,43,2019
"A47..47",NA,44,2019
"A47..47",NA,45,2019
"A47..47",NA,46,2019
"A47..47",NA,47,2019
"A47..47",NA,48,2019
"A47..47",NA,49,2019
"A47..47",1,50,2019
"A47..47",NA,51,2019
"A47..47",NA,52,2019
"A48..48",NA,1,2019
"A48..48",NA,2,2019
"A48..48",NA,3,2019
"A48..48",1,4,2019
"A48..48",NA,5,2019
"A48..48",1,6,2019
"A48..48",NA,7,2019
"A48..48",NA,8,2019
"A48..48",NA,9,2019
"A48..48",NA,10,2019
"A48..48",NA,11,2019
"A48..48",NA,12,2019
"A48..48",NA,13,2019
"A48..48",NA,14,2019
"A48..48",NA,15,2019
"A48..48",NA,16,2019
"A48..48",NA,17,2019
"A48..48",NA,18,2019
"A48..48",NA,19,2019
"A48..48",NA,20,2019
"A48..48",1,21,2019
"A48..48",NA,22,2019
"A48..48",NA,23,2019
"A48..48",1,24,2019
"A48..48",NA,25,2019
"A48..48",NA,26,2019
"A48..48",NA,27,2019
"A48..48",NA,28,2019
"A48..48",NA,29,2019
"A48..48",NA,30,2019
"A48..48",NA,31,2019
"A48..48",NA,32,2019
"A48..48",NA,33,2019
"A48..48",NA,34,2019
"A48..48",NA,35,2019
"A48..48",NA,36,2019
"A48..48",NA,37,2019
"A48..48",NA,38,2019
"A48..48",NA,39,2019
"A48..48",NA,40,2019
"A48..48",NA,41,2019
"A48..48",NA,42,2019
"A48..48",NA,43,2019
"A48..48",NA,44,2019
"A48..48",NA,45,2019
"A48..48",NA,46,2019
"A48..48",NA,47,2019
"A48..48",NA,48,2019
"A48..48",NA,49,2019
"A48..48",NA,50,2019
"A48..48",NA,51,2019
"A48..48",NA,52,2019
"A49..49",1,1,2019
"A49..49",NA,2,2019
"A49..49",NA,3,2019
"A49..49",NA,4,2019
"A49..49",NA,5,2019
"A49..49",1,6,2019
"A49..49",NA,7,2019
"A49..49",NA,8,2019
"A49..49",NA,9,2019
"A49..49",NA,10,2019
"A49..49",NA,11,2019
"A49..49",NA,12,2019
"A49..49",NA,13,2019
"A49..49",NA,14,2019
"A49..49",1,15,2019
"A49..49",NA,16,2019
"A49..49",NA,17,2019
"A49..49",1,18,2019
"A49..49",NA,19,2019
"A49..49",NA,20,2019
"A49..49",NA,21,2019
"A49..49",NA,22,2019
"A49..49",NA,23,2019
"A49..49",NA,24,2019
"A49..49",NA,25,2019
"A49..49",NA,26,2019
"A49..49",NA,27,2019
"A49..49",NA,28,2019
"A49..49",NA,29,2019
"A49..49",NA,30,2019
"A49..49",NA,31,2019
"A49..49",NA,32,2019
"A49..49",NA,33,2019
"A49..49",NA,34,2019
"A49..49",NA,35,2019
"A49..49",NA,36,2019
"A49..49",NA,37,2019
"A49..49",NA,38,2019
"A49..49",NA,39,2019
"A49..49",NA,40,2019
"A49..49",NA,41,2019
"A49..49",NA,42,2019
"A49..49",NA,43,2019
"A49..49",NA,44,2019
"A49..49",1,45,2019
"A49..49",NA,46,2019
"A49..49",NA,47,2019
"A49..49",NA,48,2019
"A49..49",NA,49,2019
"A49..49",NA,50,2019
"A49..49",NA,51,2019
"A49..49",NA,52,2019
"A50..50",NA,1,2019
"A50..50",1,2,2019
"A50..50",NA,3,2019
"A50..50",1,4,2019
"A50..50",1,5,2019
"A50..50",NA,6,2019
"A50..50",NA,7,2019
"A50..50",1,8,2019
"A50..50",1,9,2019
"A50..50",NA,10,2019
"A50..50",NA,11,2019
"A50..50",NA,12,2019
"A50..50",NA,13,2019
"A50..50",NA,14,2019
"A50..50",NA,15,2019
"A50..50",NA,16,2019
"A50..50",NA,17,2019
"A50..50",NA,18,2019
"A50..50",NA,19,2019
"A50..50",NA,20,2019
"A50..50",NA,21,2019
"A50..50",NA,22,2019
"A50..50",NA,23,2019
"A50..50",NA,24,2019
"A50..50",NA,25,2019
"A50..50",NA,26,2019
"A50..50",NA,27,2019
"A50..50",NA,28,2019
"A50..50",NA,29,2019
"A50..50",NA,30,2019
"A50..50",NA,31,2019
"A50..50",NA,32,2019
"A50..50",NA,33,2019
"A50..50",NA,34,2019
"A50..50",NA,35,2019
"A50..50",NA,36,2019
"A50..50",NA,37,2019
"A50..50",NA,38,2019
"A50..50",NA,39,2019
"A50..50",NA,40,2019
"A50..50",NA,41,2019
"A50..50",NA,42,2019
"A50..50",1,43,2019
"A50..50",NA,44,2019
"A50..50",NA,45,2019
"A50..50",NA,46,2019
"A50..50",NA,47,2019
"A50..50",NA,48,2019
"A50..50",NA,49,2019
"A50..50",NA,50,2019
"A50..50",1,51,2019
"A50..50",NA,52,2019
"A51..51",NA,1,2019
"A51..51",NA,2,2019
"A51..51",NA,3,2019
"A51..51",NA,4,2019
"A51..51",NA,5,2019
"A51..51",NA,6,2019
"A51..51",NA,7,2019
"A51..51",1,8,2019
"A51..51",NA,9,2019
"A51..51",NA,10,2019
"A51..51",NA,11,2019
"A51..51",NA,12,2019
"A51..51",1,13,2019
"A51..51",NA,14,2019
"A51..51",NA,15,2019
"A51..51",NA,16,2019
"A51..51",NA,17,2019
"A51..51",NA,18,2019
"A51..51",NA,19,2019
"A51..51",NA,20,2019
"A51..51",NA,21,2019
"A51..51",NA,22,2019
"A51..51",1,23,2019
"A51..51",NA,24,2019
"A51..51",NA,25,2019
"A51..51",NA,26,2019
"A51..51",1,27,2019
"A51..51",NA,28,2019
"A51..51",NA,29,2019
"A51..51",NA,30,2019
"A51..51",NA,31,2019
"A51..51",NA,32,2019
"A51..51",NA,33,2019
"A51..51",NA,34,2019
"A51..51",NA,35,2019
"A51..51",NA,36,2019
"A51..51",NA,37,2019
"A51..51",NA,38,2019
"A51..51",NA,39,2019
"A51..51",NA,40,2019
"A51..51",NA,41,2019
"A51..51",NA,42,2019
"A51..51",NA,43,2019
"A51..51",NA,44,2019
"A51..51",NA,45,2019
"A51..51",NA,46,2019
"A51..51",NA,47,2019
"A51..51",NA,48,2019
"A51..51",1,49,2019
"A51..51",NA,50,2019
"A51..51",1,51,2019
"A51..51",NA,52,2019
"A52..52",1,1,2019
"A52..52",1,2,2019
"A52..52",NA,3,2019
"A52..52",NA,4,2019
"A52..52",NA,5,2019
"A52..52",1,6,2019
"A52..52",NA,7,2019
"A52..52",1,8,2019
"A52..52",NA,9,2019
"A52..52",NA,10,2019
"A52..52",NA,11,2019
"A52..52",NA,12,2019
"A52..52",NA,13,2019
"A52..52",NA,14,2019
"A52..52",NA,15,2019
"A52..52",NA,16,2019
"A52..52",NA,17,2019
"A52..52",1,18,2019
"A52..52",NA,19,2019
"A52..52",NA,20,2019
"A52..52",NA,21,2019
"A52..52",NA,22,2019
"A52..52",NA,23,2019
"A52..52",NA,24,2019
"A52..52",NA,25,2019
"A52..52",NA,26,2019
"A52..52",NA,27,2019
"A52..52",1,28,2019
"A52..52",NA,29,2019
"A52..52",NA,30,2019
"A52..52",NA,31,2019
"A52..52",NA,32,2019
"A52..52",NA,33,2019
"A52..52",NA,34,2019
"A52..52",NA,35,2019
"A52..52",NA,36,2019
"A52..52",NA,37,2019
"A52..52",NA,38,2019
"A52..52",NA,39,2019
"A52..52",NA,40,2019
"A52..52",NA,41,2019
"A52..52",NA,42,2019
"A52..52",NA,43,2019
"A52..52",NA,44,2019
"A52..52",1,45,2019
"A52..52",NA,46,2019
"A52..52",NA,47,2019
"A52..52",NA,48,2019
"A52..52",NA,49,2019
"A52..52",NA,50,2019
"A52..52",NA,51,2019
"A52..52",1,52,2019
"A53..53",NA,1,2019
"A53..53",1,2,2019
"A53..53",NA,3,2019
"A53..53",NA,4,2019
"A53..53",NA,5,2019
"A53..53",NA,6,2019
"A53..53",NA,7,2019
"A53..53",2,8,2019
"A53..53",NA,9,2019
"A53..53",NA,10,2019
"A53..53",1,11,2019
"A53..53",NA,12,2019
"A53..53",NA,13,2019
"A53..53",1,14,2019
"A53..53",NA,15,2019
"A53..53",NA,16,2019
"A53..53",2,17,2019
"A53..53",1,18,2019
"A53..53",NA,19,2019
"A53..53",NA,20,2019
"A53..53",NA,21,2019
"A53..53",NA,22,2019
"A53..53",NA,23,2019
"A53..53",NA,24,2019
"A53..53",1,25,2019
"A53..53",NA,26,2019
"A53..53",NA,27,2019
"A53..53",NA,28,2019
"A53..53",NA,29,2019
"A53..53",NA,30,2019
"A53..53",NA,31,2019
"A53..53",NA,32,2019
"A53..53",NA,33,2019
"A53..53",NA,34,2019
"A53..53",NA,35,2019
"A53..53",NA,36,2019
"A53..53",NA,37,2019
"A53..53",NA,38,2019
"A53..53",NA,39,2019
"A53..53",NA,40,2019
"A53..53",NA,41,2019
"A53..53",1,42,2019
"A53..53",NA,43,2019
"A53..53",NA,44,2019
"A53..53",NA,45,2019
"A53..53",1,46,2019
"A53..53",NA,47,2019
"A53..53",NA,48,2019
"A53..53",1,49,2019
"A53..53",1,50,2019
"A53..53",NA,51,2019
"A53..53",NA,52,2019
"A54..54",NA,1,2019
"A54..54",2,2,2019
"A54..54",NA,3,2019
"A54..54",NA,4,2019
"A54..54",NA,5,2019
"A54..54",NA,6,2019
"A54..54",1,7,2019
"A54..54",NA,8,2019
"A54..54",NA,9,2019
"A54..54",NA,10,2019
"A54..54",NA,11,2019
"A54..54",NA,12,2019
"A54..54",1,13,2019
"A54..54",NA,14,2019
"A54..54",NA,15,2019
"A54..54",NA,16,2019
"A54..54",1,17,2019
"A54..54",NA,18,2019
"A54..54",NA,19,2019
"A54..54",NA,20,2019
"A54..54",2,21,2019
"A54..54",NA,22,2019
"A54..54",NA,23,2019
"A54..54",NA,24,2019
"A54..54",NA,25,2019
"A54..54",NA,26,2019
"A54..54",1,27,2019
"A54..54",NA,28,2019
"A54..54",NA,29,2019
"A54..54",NA,30,2019
"A54..54",NA,31,2019
"A54..54",NA,32,2019
"A54..54",NA,33,2019
"A54..54",NA,34,2019
"A54..54",1,35,2019
"A54..54",NA,36,2019
"A54..54",NA,37,2019
"A54..54",NA,38,2019
"A54..54",1,39,2019
"A54..54",NA,40,2019
"A54..54",NA,41,2019
"A54..54",NA,42,2019
"A54..54",NA,43,2019
"A54..54",NA,44,2019
"A54..54",NA,45,2019
"A54..54",NA,46,2019
"A54..54",NA,47,2019
"A54..54",NA,48,2019
"A54..54",NA,49,2019
"A54..54",NA,50,2019
"A54..54",NA,51,2019
"A54..54",NA,52,2019
"A55..55",NA,1,2019
"A55..55",1,2,2019
"A55..55",1,3,2019
"A55..55",NA,4,2019
"A55..55",2,5,2019
"A55..55",1,6,2019
"A55..55",NA,7,2019
"A55..55",NA,8,2019
"A55..55",NA,9,2019
"A55..55",NA,10,2019
"A55..55",2,11,2019
"A55..55",1,12,2019
"A55..55",NA,13,2019
"A55..55",NA,14,2019
"A55..55",1,15,2019
"A55..55",NA,16,2019
"A55..55",NA,17,2019
"A55..55",NA,18,2019
"A55..55",NA,19,2019
"A55..55",NA,20,2019
"A55..55",NA,21,2019
"A55..55",NA,22,2019
"A55..55",NA,23,2019
"A55..55",NA,24,2019
"A55..55",1,25,2019
"A55..55",NA,26,2019
"A55..55",NA,27,2019
"A55..55",NA,28,2019
"A55..55",NA,29,2019
"A55..55",NA,30,2019
"A55..55",NA,31,2019
"A55..55",NA,32,2019
"A55..55",1,33,2019
"A55..55",NA,34,2019
"A55..55",NA,35,2019
"A55..55",NA,36,2019
"A55..55",NA,37,2019
"A55..55",NA,38,2019
"A55..55",NA,39,2019
"A55..55",NA,40,2019
"A55..55",NA,41,2019
"A55..55",NA,42,2019
"A55..55",NA,43,2019
"A55..55",NA,44,2019
"A55..55",1,45,2019
"A55..55",NA,46,2019
"A55..55",NA,47,2019
"A55..55",NA,48,2019
"A55..55",NA,49,2019
"A55..55",1,50,2019
"A55..55",2,51,2019
"A55..55",NA,52,2019
"A56..56",1,1,2019
"A56..56",NA,2,2019
"A56..56",NA,3,2019
"A56..56",1,4,2019
"A56..56",NA,5,2019
"A56..56",NA,6,2019
"A56..56",NA,7,2019
"A56..56",NA,8,2019
"A56..56",NA,9,2019
"A56..56",NA,10,2019
"A56..56",1,11,2019
"A56..56",NA,12,2019
"A56..56",NA,13,2019
"A56..56",1,14,2019
"A56..56",2,15,2019
"A56..56",1,16,2019
"A56..56",1,17,2019
"A56..56",1,18,2019
"A56..56",NA,19,2019
"A56..56",NA,20,2019
"A56..56",1,21,2019
"A56..56",1,22,2019
"A56..56",NA,23,2019
"A56..56",1,24,2019
"A56..56",1,25,2019
"A56..56",NA,26,2019
"A56..56",NA,27,2019
"A56..56",1,28,2019
"A56..56",NA,29,2019
"A56..56",NA,30,2019
"A56..56",NA,31,2019
"A56..56",NA,32,2019
"A56..56",NA,33,2019
"A56..56",1,34,2019
"A56..56",NA,35,2019
"A56..56",NA,36,2019
"A56..56",NA,37,2019
"A56..56",1,38,2019
"A56..56",NA,39,2019
"A56..56",NA,40,2019
"A56..56",1,41,2019
"A56..56",NA,42,2019
"A56..56",NA,43,2019
"A56..56",NA,44,2019
"A56..56",NA,45,2019
"A56..56",1,46,2019
"A56..56",1,47,2019
"A56..56",NA,48,2019
"A56..56",NA,49,2019
"A56..56",NA,50,2019
"A56..56",NA,51,2019
"A56..56",NA,52,2019
"A57..57",NA,1,2019
"A57..57",2,2,2019
"A57..57",NA,3,2019
"A57..57",NA,4,2019
"A57..57",NA,5,2019
"A57..57",1,6,2019
"A57..57",1,7,2019
"A57..57",NA,8,2019
"A57..57",NA,9,2019
"A57..57",NA,10,2019
"A57..57",NA,11,2019
"A57..57",NA,12,2019
"A57..57",1,13,2019
"A57..57",NA,14,2019
"A57..57",NA,15,2019
"A57..57",NA,16,2019
"A57..57",NA,17,2019
"A57..57",NA,18,2019
"A57..57",NA,19,2019
"A57..57",NA,20,2019
"A57..57",NA,21,2019
"A57..57",NA,22,2019
"A57..57",2,23,2019
"A57..57",1,24,2019
"A57..57",NA,25,2019
"A57..57",NA,26,2019
"A57..57",NA,27,2019
"A57..57",NA,28,2019
"A57..57",1,29,2019
"A57..57",NA,30,2019
"A57..57",NA,31,2019
"A57..57",1,32,2019
"A57..57",NA,33,2019
"A57..57",NA,34,2019
"A57..57",NA,35,2019
"A57..57",NA,36,2019
"A57..57",NA,37,2019
"A57..57",NA,38,2019
"A57..57",NA,39,2019
"A57..57",1,40,2019
"A57..57",NA,41,2019
"A57..57",NA,42,2019
"A57..57",NA,43,2019
"A57..57",NA,44,2019
"A57..57",NA,45,2019
"A57..57",NA,46,2019
"A57..57",NA,47,2019
"A57..57",NA,48,2019
"A57..57",NA,49,2019
"A57..57",NA,50,2019
"A57..57",NA,51,2019
"A57..57",NA,52,2019
"A58..58",NA,1,2019
"A58..58",1,2,2019
"A58..58",1,3,2019
"A58..58",NA,4,2019
"A58..58",NA,5,2019
"A58..58",NA,6,2019
"A58..58",NA,7,2019
"A58..58",1,8,2019
"A58..58",1,9,2019
"A58..58",1,10,2019
"A58..58",NA,11,2019
"A58..58",NA,12,2019
"A58..58",NA,13,2019
"A58..58",2,14,2019
"A58..58",NA,15,2019
"A58..58",NA,16,2019
"A58..58",1,17,2019
"A58..58",NA,18,2019
"A58..58",NA,19,2019
"A58..58",NA,20,2019
"A58..58",1,21,2019
"A58..58",NA,22,2019
"A58..58",NA,23,2019
"A58..58",NA,24,2019
"A58..58",NA,25,2019
"A58..58",NA,26,2019
"A58..58",NA,27,2019
"A58..58",NA,28,2019
"A58..58",NA,29,2019
"A58..58",NA,30,2019
"A58..58",NA,31,2019
"A58..58",1,32,2019
"A58..58",NA,33,2019
"A58..58",NA,34,2019
"A58..58",NA,35,2019
"A58..58",NA,36,2019
"A58..58",NA,37,2019
"A58..58",NA,38,2019
"A58..58",1,39,2019
"A58..58",NA,40,2019
"A58..58",NA,41,2019
"A58..58",NA,42,2019
"A58..58",1,43,2019
"A58..58",NA,44,2019
"A58..58",1,45,2019
"A58..58",NA,46,2019
"A58..58",NA,47,2019
"A58..58",NA,48,2019
"A58..58",NA,49,2019
"A58..58",NA,50,2019
"A58..58",NA,51,2019
"A58..58",NA,52,2019
"A59..59",1,1,2019
"A59..59",1,2,2019
"A59..59",1,3,2019
"A59..59",NA,4,2019
"A59..59",1,5,2019
"A59..59",2,6,2019
"A59..59",NA,7,2019
"A59..59",2,8,2019
"A59..59",1,9,2019
"A59..59",1,10,2019
"A59..59",1,11,2019
"A59..59",2,12,2019
"A59..59",NA,13,2019
"A59..59",1,14,2019
"A59..59",NA,15,2019
"A59..59",NA,16,2019
"A59..59",NA,17,2019
"A59..59",NA,18,2019
"A59..59",1,19,2019
"A59..59",3,20,2019
"A59..59",NA,21,2019
"A59..59",1,22,2019
"A59..59",NA,23,2019
"A59..59",NA,24,2019
"A59..59",NA,25,2019
"A59..59",NA,26,2019
"A59..59",NA,27,2019
"A59..59",NA,28,2019
"A59..59",NA,29,2019
"A59..59",NA,30,2019
"A59..59",NA,31,2019
"A59..59",NA,32,2019
"A59..59",NA,33,2019
"A59..59",NA,34,2019
"A59..59",NA,35,2019
"A59..59",NA,36,2019
"A59..59",NA,37,2019
"A59..59",NA,38,2019
"A59..59",NA,39,2019
"A59..59",NA,40,2019
"A59..59",NA,41,2019
"A59..59",NA,42,2019
"A59..59",NA,43,2019
"A59..59",NA,44,2019
"A59..59",NA,45,2019
"A59..59",NA,46,2019
"A59..59",NA,47,2019
"A59..59",NA,48,2019
"A59..59",NA,49,2019
"A59..59",1,50,2019
"A59..59",NA,51,2019
"A59..59",NA,52,2019
"A60..60",NA,1,2019
"A60..60",1,2,2019
"A60..60",NA,3,2019
"A60..60",NA,4,2019
"A60..60",1,5,2019
"A60..60",1,6,2019
"A60..60",1,7,2019
"A60..60",1,8,2019
"A60..60",NA,9,2019
"A60..60",2,10,2019
"A60..60",NA,11,2019
"A60..60",1,12,2019
"A60..60",2,13,2019
"A60..60",1,14,2019
"A60..60",NA,15,2019
"A60..60",NA,16,2019
"A60..60",NA,17,2019
"A60..60",2,18,2019
"A60..60",2,19,2019
"A60..60",1,20,2019
"A60..60",NA,21,2019
"A60..60",NA,22,2019
"A60..60",NA,23,2019
"A60..60",NA,24,2019
"A60..60",NA,25,2019
"A60..60",NA,26,2019
"A60..60",NA,27,2019
"A60..60",NA,28,2019
"A60..60",NA,29,2019
"A60..60",NA,30,2019
"A60..60",NA,31,2019
"A60..60",NA,32,2019
"A60..60",NA,33,2019
"A60..60",NA,34,2019
"A60..60",NA,35,2019
"A60..60",NA,36,2019
"A60..60",NA,37,2019
"A60..60",NA,38,2019
"A60..60",NA,39,2019
"A60..60",1,40,2019
"A60..60",NA,41,2019
"A60..60",1,42,2019
"A60..60",NA,43,2019
"A60..60",NA,44,2019
"A60..60",NA,45,2019
"A60..60",NA,46,2019
"A60..60",NA,47,2019
"A60..60",NA,48,2019
"A60..60",1,49,2019
"A60..60",1,50,2019
"A60..60",3,51,2019
"A60..60",1,52,2019
"A61..61",1,1,2019
"A61..61",NA,2,2019
"A61..61",NA,3,2019
"A61..61",NA,4,2019
"A61..61",NA,5,2019
"A61..61",NA,6,2019
"A61..61",1,7,2019
"A61..61",NA,8,2019
"A61..61",2,9,2019
"A61..61",2,10,2019
"A61..61",1,11,2019
"A61..61",1,12,2019
"A61..61",NA,13,2019
"A61..61",NA,14,2019
"A61..61",2,15,2019
"A61..61",NA,16,2019
"A61..61",NA,17,2019
"A61..61",2,18,2019
"A61..61",NA,19,2019
"A61..61",NA,20,2019
"A61..61",NA,21,2019
"A61..61",NA,22,2019
"A61..61",NA,23,2019
"A61..61",NA,24,2019
"A61..61",NA,25,2019
"A61..61",1,26,2019
"A61..61",NA,27,2019
"A61..61",NA,28,2019
"A61..61",NA,29,2019
"A61..61",NA,30,2019
"A61..61",NA,31,2019
"A61..61",NA,32,2019
"A61..61",NA,33,2019
"A61..61",NA,34,2019
"A61..61",1,35,2019
"A61..61",NA,36,2019
"A61..61",NA,37,2019
"A61..61",NA,38,2019
"A61..61",NA,39,2019
"A61..61",NA,40,2019
"A61..61",1,41,2019
"A61..61",NA,42,2019
"A61..61",NA,43,2019
"A61..61",NA,44,2019
"A61..61",NA,45,2019
"A61..61",NA,46,2019
"A61..61",NA,47,2019
"A61..61",NA,48,2019
"A61..61",NA,49,2019
"A61..61",NA,50,2019
"A61..61",1,51,2019
"A61..61",NA,52,2019
"A62..62",NA,1,2019
"A62..62",1,2,2019
"A62..62",1,3,2019
"A62..62",NA,4,2019
"A62..62",NA,5,2019
"A62..62",NA,6,2019
"A62..62",1,7,2019
"A62..62",NA,8,2019
"A62..62",NA,9,2019
"A62..62",1,10,2019
"A62..62",1,11,2019
"A62..62",NA,12,2019
"A62..62",1,13,2019
"A62..62",NA,14,2019
"A62..62",NA,15,2019
"A62..62",NA,16,2019
"A62..62",NA,17,2019
"A62..62",NA,18,2019
"A62..62",NA,19,2019
"A62..62",NA,20,2019
"A62..62",NA,21,2019
"A62..62",NA,22,2019
"A62..62",NA,23,2019
"A62..62",NA,24,2019
"A62..62",1,25,2019
"A62..62",NA,26,2019
"A62..62",1,27,2019
"A62..62",1,28,2019
"A62..62",NA,29,2019
"A62..62",1,30,2019
"A62..62",NA,31,2019
"A62..62",NA,32,2019
"A62..62",NA,33,2019
"A62..62",NA,34,2019
"A62..62",NA,35,2019
"A62..62",1,36,2019
"A62..62",NA,37,2019
"A62..62",NA,38,2019
"A62..62",2,39,2019
"A62..62",NA,40,2019
"A62..62",1,41,2019
"A62..62",1,42,2019
"A62..62",NA,43,2019
"A62..62",NA,44,2019
"A62..62",NA,45,2019
"A62..62",NA,46,2019
"A62..62",NA,47,2019
"A62..62",1,48,2019
"A62..62",1,49,2019
"A62..62",1,50,2019
"A62..62",NA,51,2019
"A62..62",NA,52,2019
"A63..63",NA,1,2019
"A63..63",NA,2,2019
"A63..63",1,3,2019
"A63..63",NA,4,2019
"A63..63",NA,5,2019
"A63..63",NA,6,2019
"A63..63",NA,7,2019
"A63..63",NA,8,2019
"A63..63",1,9,2019
"A63..63",2,10,2019
"A63..63",NA,11,2019
"A63..63",NA,12,2019
"A63..63",NA,13,2019
"A63..63",NA,14,2019
"A63..63",2,15,2019
"A63..63",1,16,2019
"A63..63",1,17,2019
"A63..63",NA,18,2019
"A63..63",NA,19,2019
"A63..63",NA,20,2019
"A63..63",1,21,2019
"A63..63",NA,22,2019
"A63..63",NA,23,2019
"A63..63",NA,24,2019
"A63..63",NA,25,2019
"A63..63",NA,26,2019
"A63..63",1,27,2019
"A63..63",NA,28,2019
"A63..63",NA,29,2019
"A63..63",1,30,2019
"A63..63",NA,31,2019
"A63..63",NA,32,2019
"A63..63",NA,33,2019
"A63..63",NA,34,2019
"A63..63",NA,35,2019
"A63..63",2,36,2019
"A63..63",NA,37,2019
"A63..63",NA,38,2019
"A63..63",NA,39,2019
"A63..63",1,40,2019
"A63..63",NA,41,2019
"A63..63",1,42,2019
"A63..63",NA,43,2019
"A63..63",1,44,2019
"A63..63",NA,45,2019
"A63..63",1,46,2019
"A63..63",NA,47,2019
"A63..63",NA,48,2019
"A63..63",1,49,2019
"A63..63",1,50,2019
"A63..63",1,51,2019
"A63..63",NA,52,2019
"A64..64",NA,1,2019
"A64..64",NA,2,2019
"A64..64",NA,3,2019
"A64..64",NA,4,2019
"A64..64",1,5,2019
"A64..64",NA,6,2019
"A64..64",2,7,2019
"A64..64",NA,8,2019
"A64..64",1,9,2019
"A64..64",NA,10,2019
"A64..64",1,11,2019
"A64..64",NA,12,2019
"A64..64",1,13,2019
"A64..64",NA,14,2019
"A64..64",1,15,2019
"A64..64",NA,16,2019
"A64..64",NA,17,2019
"A64..64",2,18,2019
"A64..64",1,19,2019
"A64..64",NA,20,2019
"A64..64",NA,21,2019
"A64..64",NA,22,2019
"A64..64",NA,23,2019
"A64..64",NA,24,2019
"A64..64",NA,25,2019
"A64..64",NA,26,2019
"A64..64",NA,27,2019
"A64..64",NA,28,2019
"A64..64",NA,29,2019
"A64..64",NA,30,2019
"A64..64",NA,31,2019
"A64..64",NA,32,2019
"A64..64",NA,33,2019
"A64..64",NA,34,2019
"A64..64",1,35,2019
"A64..64",NA,36,2019
"A64..64",NA,37,2019
"A64..64",1,38,2019
"A64..64",1,39,2019
"A64..64",NA,40,2019
"A64..64",NA,41,2019
"A64..64",1,42,2019
"A64..64",2,43,2019
"A64..64",NA,44,2019
"A64..64",NA,45,2019
"A64..64",1,46,2019
"A64..64",NA,47,2019
"A64..64",NA,48,2019
"A64..64",NA,49,2019
"A64..64",NA,50,2019
"A64..64",1,51,2019
"A64..64",NA,52,2019
"A65..65",1,1,2019
"A65..65",1,2,2019
"A65..65",NA,3,2019
"A65..65",NA,4,2019
"A65..65",NA,5,2019
"A65..65",NA,6,2019
"A65..65",1,7,2019
"A65..65",2,8,2019
"A65..65",NA,9,2019
"A65..65",1,10,2019
"A65..65",1,11,2019
"A65..65",1,12,2019
"A65..65",NA,13,2019
"A65..65",NA,14,2019
"A65..65",1,15,2019
"A65..65",1,16,2019
"A65..65",NA,17,2019
"A65..65",NA,18,2019
"A65..65",NA,19,2019
"A65..65",NA,20,2019
"A65..65",1,21,2019
"A65..65",NA,22,2019
"A65..65",1,23,2019
"A65..65",NA,24,2019
"A65..65",1,25,2019
"A65..65",1,26,2019
"A65..65",NA,27,2019
"A65..65",1,28,2019
"A65..65",NA,29,2019
"A65..65",NA,30,2019
"A65..65",NA,31,2019
"A65..65",NA,32,2019
"A65..65",NA,33,2019
"A65..65",NA,34,2019
"A65..65",NA,35,2019
"A65..65",NA,36,2019
"A65..65",NA,37,2019
"A65..65",NA,38,2019
"A65..65",NA,39,2019
"A65..65",NA,40,2019
"A65..65",NA,41,2019
"A65..65",1,42,2019
"A65..65",NA,43,2019
"A65..65",NA,44,2019
"A65..65",1,45,2019
"A65..65",1,46,2019
"A65..65",NA,47,2019
"A65..65",NA,48,2019
"A65..65",NA,49,2019
"A65..65",NA,50,2019
"A65..65",1,51,2019
"A65..65",NA,52,2019
"A66..66",NA,1,2019
"A66..66",NA,2,2019
"A66..66",NA,3,2019
"A66..66",NA,4,2019
"A66..66",1,5,2019
"A66..66",NA,6,2019
"A66..66",NA,7,2019
"A66..66",2,8,2019
"A66..66",2,9,2019
"A66..66",1,10,2019
"A66..66",NA,11,2019
"A66..66",NA,12,2019
"A66..66",1,13,2019
"A66..66",1,14,2019
"A66..66",NA,15,2019
"A66..66",1,16,2019
"A66..66",NA,17,2019
"A66..66",1,18,2019
"A66..66",NA,19,2019
"A66..66",NA,20,2019
"A66..66",NA,21,2019
"A66..66",NA,22,2019
"A66..66",NA,23,2019
"A66..66",1,24,2019
"A66..66",NA,25,2019
"A66..66",1,26,2019
"A66..66",NA,27,2019
"A66..66",NA,28,2019
"A66..66",NA,29,2019
"A66..66",1,30,2019
"A66..66",NA,31,2019
"A66..66",NA,32,2019
"A66..66",NA,33,2019
"A66..66",NA,34,2019
"A66..66",NA,35,2019
"A66..66",NA,36,2019
"A66..66",NA,37,2019
"A66..66",NA,38,2019
"A66..66",NA,39,2019
"A66..66",NA,40,2019
"A66..66",1,41,2019
"A66..66",NA,42,2019
"A66..66",NA,43,2019
"A66..66",NA,44,2019
"A66..66",NA,45,2019
"A66..66",1,46,2019
"A66..66",1,47,2019
"A66..66",1,48,2019
"A66..66",NA,49,2019
"A66..66",2,50,2019
"A66..66",NA,51,2019
"A66..66",NA,52,2019
"A67..67",2,1,2019
"A67..67",NA,2,2019
"A67..67",1,3,2019
"A67..67",NA,4,2019
"A67..67",NA,5,2019
"A67..67",NA,6,2019
"A67..67",1,7,2019
"A67..67",NA,8,2019
"A67..67",NA,9,2019
"A67..67",NA,10,2019
"A67..67",1,11,2019
"A67..67",1,12,2019
"A67..67",NA,13,2019
"A67..67",NA,14,2019
"A67..67",NA,15,2019
"A67..67",NA,16,2019
"A67..67",NA,17,2019
"A67..67",NA,18,2019
"A67..67",1,19,2019
"A67..67",NA,20,2019
"A67..67",2,21,2019
"A67..67",NA,22,2019
"A67..67",NA,23,2019
"A67..67",NA,24,2019
"A67..67",1,25,2019
"A67..67",NA,26,2019
"A67..67",NA,27,2019
"A67..67",NA,28,2019
"A67..67",NA,29,2019
"A67..67",NA,30,2019
"A67..67",NA,31,2019
"A67..67",1,32,2019
"A67..67",NA,33,2019
"A67..67",NA,34,2019
"A67..67",NA,35,2019
"A67..67",NA,36,2019
"A67..67",NA,37,2019
"A67..67",NA,38,2019
"A67..67",1,39,2019
"A67..67",NA,40,2019
"A67..67",NA,41,2019
"A67..67",1,42,2019
"A67..67",NA,43,2019
"A67..67",NA,44,2019
"A67..67",1,45,2019
"A67..67",1,46,2019
"A67..67",NA,47,2019
"A67..67",NA,48,2019
"A67..67",NA,49,2019
"A67..67",1,50,2019
"A67..67",1,51,2019
"A67..67",NA,52,2019
"A68..68",2,1,2019
"A68..68",NA,2,2019
"A68..68",NA,3,2019
"A68..68",1,4,2019
"A68..68",NA,5,2019
"A68..68",1,6,2019
"A68..68",3,7,2019
"A68..68",NA,8,2019
"A68..68",1,9,2019
"A68..68",2,10,2019
"A68..68",3,11,2019
"A68..68",1,12,2019
"A68..68",NA,13,2019
"A68..68",NA,14,2019
"A68..68",1,15,2019
"A68..68",1,16,2019
"A68..68",1,17,2019
"A68..68",NA,18,2019
"A68..68",1,19,2019
"A68..68",1,20,2019
"A68..68",NA,21,2019
"A68..68",NA,22,2019
"A68..68",NA,23,2019
"A68..68",NA,24,2019
"A68..68",1,25,2019
"A68..68",NA,26,2019
"A68..68",NA,27,2019
"A68..68",1,28,2019
"A68..68",NA,29,2019
"A68..68",NA,30,2019
"A68..68",NA,31,2019
"A68..68",NA,32,2019
"A68..68",NA,33,2019
"A68..68",NA,34,2019
"A68..68",NA,35,2019
"A68..68",NA,36,2019
"A68..68",NA,37,2019
"A68..68",NA,38,2019
"A68..68",NA,39,2019
"A68..68",NA,40,2019
"A68..68",NA,41,2019
"A68..68",NA,42,2019
"A68..68",NA,43,2019
"A68..68",NA,44,2019
"A68..68",NA,45,2019
"A68..68",NA,46,2019
"A68..68",NA,47,2019
"A68..68",NA,48,2019
"A68..68",1,49,2019
"A68..68",NA,50,2019
"A68..68",1,51,2019
"A68..68",NA,52,2019
"A69..69",NA,1,2019
"A69..69",1,2,2019
"A69..69",NA,3,2019
"A69..69",NA,4,2019
"A69..69",1,5,2019
"A69..69",NA,6,2019
"A69..69",NA,7,2019
"A69..69",1,8,2019
"A69..69",NA,9,2019
"A69..69",NA,10,2019
"A69..69",NA,11,2019
"A69..69",NA,12,2019
"A69..69",NA,13,2019
"A69..69",NA,14,2019
"A69..69",1,15,2019
"A69..69",NA,16,2019
"A69..69",2,17,2019
"A69..69",NA,18,2019
"A69..69",1,19,2019
"A69..69",1,20,2019
"A69..69",2,21,2019
"A69..69",NA,22,2019
"A69..69",NA,23,2019
"A69..69",NA,24,2019
"A69..69",NA,25,2019
"A69..69",NA,26,2019
"A69..69",NA,27,2019
"A69..69",NA,28,2019
"A69..69",1,29,2019
"A69..69",NA,30,2019
"A69..69",NA,31,2019
"A69..69",NA,32,2019
"A69..69",1,33,2019
"A69..69",NA,34,2019
"A69..69",NA,35,2019
"A69..69",NA,36,2019
"A69..69",NA,37,2019
"A69..69",NA,38,2019
"A69..69",NA,39,2019
"A69..69",NA,40,2019
"A69..69",1,41,2019
"A69..69",NA,42,2019
"A69..69",1,43,2019
"A69..69",NA,44,2019
"A69..69",NA,45,2019
"A69..69",NA,46,2019
"A69..69",2,47,2019
"A69..69",NA,48,2019
"A69..69",1,49,2019
"A69..69",1,50,2019
"A69..69",1,51,2019
"A69..69",NA,52,2019
"A70..70",NA,1,2019
"A70..70",2,2,2019
"A70..70",NA,3,2019
"A70..70",1,4,2019
"A70..70",NA,5,2019
"A70..70",1,6,2019
"A70..70",NA,7,2019
"A70..70",NA,8,2019
"A70..70",NA,9,2019
"A70..70",NA,10,2019
"A70..70",NA,11,2019
"A70..70",NA,12,2019
"A70..70",NA,13,2019
"A70..70",1,14,2019
"A70..70",1,15,2019
"A70..70",1,16,2019
"A70..70",NA,17,2019
"A70..70",NA,18,2019
"A70..70",NA,19,2019
"A70..70",NA,20,2019
"A70..70",1,21,2019
"A70..70",NA,22,2019
"A70..70",NA,23,2019
"A70..70",NA,24,2019
"A70..70",NA,25,2019
"A70..70",1,26,2019
"A70..70",NA,27,2019
"A70..70",NA,28,2019
"A70..70",NA,29,2019
"A70..70",NA,30,2019
"A70..70",NA,31,2019
"A70..70",NA,32,2019
"A70..70",NA,33,2019
"A70..70",NA,34,2019
"A70..70",NA,35,2019
"A70..70",1,36,2019
"A70..70",NA,37,2019
"A70..70",NA,38,2019
"A70..70",NA,39,2019
"A70..70",NA,40,2019
"A70..70",NA,41,2019
"A70..70",NA,42,2019
"A70..70",NA,43,2019
"A70..70",NA,44,2019
"A70..70",NA,45,2019
"A70..70",NA,46,2019
"A70..70",NA,47,2019
"A70..70",1,48,2019
"A70..70",NA,49,2019
"A70..70",1,50,2019
"A70..70",NA,51,2019
"A70..70",NA,52,2019
"A71..71",1,1,2019
"A71..71",1,2,2019
"A71..71",1,3,2019
"A71..71",NA,4,2019
"A71..71",NA,5,2019
"A71..71",1,6,2019
"A71..71",2,7,2019
"A71..71",NA,8,2019
"A71..71",1,9,2019
"A71..71",NA,10,2019
"A71..71",NA,11,2019
"A71..71",NA,12,2019
"A71..71",NA,13,2019
"A71..71",NA,14,2019
"A71..71",NA,15,2019
"A71..71",NA,16,2019
"A71..71",NA,17,2019
"A71..71",1,18,2019
"A71..71",NA,19,2019
"A71..71",1,20,2019
"A71..71",NA,21,2019
"A71..71",NA,22,2019
"A71..71",NA,23,2019
"A71..71",NA,24,2019
"A71..71",NA,25,2019
"A71..71",NA,26,2019
"A71..71",1,27,2019
"A71..71",NA,28,2019
"A71..71",NA,29,2019
"A71..71",NA,30,2019
"A71..71",NA,31,2019
"A71..71",NA,32,2019
"A71..71",NA,33,2019
"A71..71",NA,34,2019
"A71..71",NA,35,2019
"A71..71",1,36,2019
"A71..71",1,37,2019
"A71..71",NA,38,2019
"A71..71",NA,39,2019
"A71..71",NA,40,2019
"A71..71",NA,41,2019
"A71..71",NA,42,2019
"A71..71",1,43,2019
"A71..71",NA,44,2019
"A71..71",1,45,2019
"A71..71",NA,46,2019
"A71..71",NA,47,2019
"A71..71",1,48,2019
"A71..71",NA,49,2019
"A71..71",1,50,2019
"A71..71",NA,51,2019
"A71..71",NA,52,2019
"A72..72",1,1,2019
"A72..72",NA,2,2019
"A72..72",NA,3,2019
"A72..72",NA,4,2019
"A72..72",NA,5,2019
"A72..72",NA,6,2019
"A72..72",NA,7,2019
"A72..72",NA,8,2019
"A72..72",NA,9,2019
"A72..72",NA,10,2019
"A72..72",1,11,2019
"A72..72",NA,12,2019
"A72..72",2,13,2019
"A72..72",1,14,2019
"A72..72",NA,15,2019
"A72..72",1,16,2019
"A72..72",NA,17,2019
"A72..72",NA,18,2019
"A72..72",NA,19,2019
"A72..72",NA,20,2019
"A72..72",NA,21,2019
"A72..72",NA,22,2019
"A72..72",NA,23,2019
"A72..72",1,24,2019
"A72..72",NA,25,2019
"A72..72",NA,26,2019
"A72..72",NA,27,2019
"A72..72",NA,28,2019
"A72..72",NA,29,2019
"A72..72",NA,30,2019
"A72..72",NA,31,2019
"A72..72",NA,32,2019
"A72..72",NA,33,2019
"A72..72",1,34,2019
"A72..72",NA,35,2019
"A72..72",NA,36,2019
"A72..72",1,37,2019
"A72..72",NA,38,2019
"A72..72",NA,39,2019
"A72..72",NA,40,2019
"A72..72",1,41,2019
"A72..72",NA,42,2019
"A72..72",NA,43,2019
"A72..72",1,44,2019
"A72..72",2,45,2019
"A72..72",NA,46,2019
"A72..72",NA,47,2019
"A72..72",NA,48,2019
"A72..72",1,49,2019
"A72..72",NA,50,2019
"A72..72",1,51,2019
"A72..72",NA,52,2019
"A73..73",NA,1,2019
"A73..73",NA,2,2019
"A73..73",1,3,2019
"A73..73",NA,4,2019
"A73..73",NA,5,2019
"A73..73",1,6,2019
"A73..73",1,7,2019
"A73..73",NA,8,2019
"A73..73",NA,9,2019
"A73..73",1,10,2019
"A73..73",1,11,2019
"A73..73",NA,12,2019
"A73..73",2,13,2019
"A73..73",NA,14,2019
"A73..73",NA,15,2019
"A73..73",1,16,2019
"A73..73",NA,17,2019
"A73..73",NA,18,2019
"A73..73",NA,19,2019
"A73..73",NA,20,2019
"A73..73",NA,21,2019
"A73..73",NA,22,2019
"A73..73",NA,23,2019
"A73..73",NA,24,2019
"A73..73",1,25,2019
"A73..73",NA,26,2019
"A73..73",NA,27,2019
"A73..73",NA,28,2019
"A73..73",NA,29,2019
"A73..73",NA,30,2019
"A73..73",NA,31,2019
"A73..73",NA,32,2019
"A73..73",NA,33,2019
"A73..73",NA,34,2019
"A73..73",NA,35,2019
"A73..73",NA,36,2019
"A73..73",NA,37,2019
"A73..73",NA,38,2019
"A73..73",NA,39,2019
"A73..73",NA,40,2019
"A73..73",NA,41,2019
"A73..73",NA,42,2019
"A73..73",NA,43,2019
"A73..73",NA,44,2019
"A73..73",NA,45,2019
"A73..73",1,46,2019
"A73..73",NA,47,2019
"A73..73",1,48,2019
"A73..73",NA,49,2019
"A73..73",NA,50,2019
"A73..73",NA,51,2019
"A73..73",1,52,2019
"A74..74",NA,1,2019
"A74..74",NA,2,2019
"A74..74",NA,3,2019
"A74..74",NA,4,2019
"A74..74",NA,5,2019
"A74..74",NA,6,2019
"A74..74",NA,7,2019
"A74..74",NA,8,2019
"A74..74",NA,9,2019
"A74..74",1,10,2019
"A74..74",1,11,2019
"A74..74",NA,12,2019
"A74..74",NA,13,2019
"A74..74",1,14,2019
"A74..74",1,15,2019
"A74..74",1,16,2019
"A74..74",NA,17,2019
"A74..74",NA,18,2019
"A74..74",1,19,2019
"A74..74",NA,20,2019
"A74..74",NA,21,2019
"A74..74",NA,22,2019
"A74..74",NA,23,2019
"A74..74",NA,24,2019
"A74..74",NA,25,2019
"A74..74",NA,26,2019
"A74..74",NA,27,2019
"A74..74",NA,28,2019
"A74..74",NA,29,2019
"A74..74",NA,30,2019
"A74..74",NA,31,2019
"A74..74",NA,32,2019
"A74..74",NA,33,2019
"A74..74",NA,34,2019
"A74..74",NA,35,2019
"A74..74",NA,36,2019
"A74..74",NA,37,2019
"A74..74",1,38,2019
"A74..74",NA,39,2019
"A74..74",NA,40,2019
"A74..74",1,41,2019
"A74..74",NA,42,2019
"A74..74",1,43,2019
"A74..74",NA,44,2019
"A74..74",NA,45,2019
"A74..74",NA,46,2019
"A74..74",NA,47,2019
"A74..74",NA,48,2019
"A74..74",NA,49,2019
"A74..74",1,50,2019
"A74..74",NA,51,2019
"A74..74",1,52,2019
"A75..75",2,1,2019
"A75..75",1,2,2019
"A75..75",NA,3,2019
"A75..75",NA,4,2019
"A75..75",NA,5,2019
"A75..75",NA,6,2019
"A75..75",1,7,2019
"A75..75",1,8,2019
"A75..75",1,9,2019
"A75..75",NA,10,2019
"A75..75",2,11,2019
"A75..75",1,12,2019
"A75..75",NA,13,2019
"A75..75",NA,14,2019
"A75..75",NA,15,2019
"A75..75",NA,16,2019
"A75..75",NA,17,2019
"A75..75",1,18,2019
"A75..75",NA,19,2019
"A75..75",3,20,2019
"A75..75",NA,21,2019
"A75..75",NA,22,2019
"A75..75",2,23,2019
"A75..75",NA,24,2019
"A75..75",NA,25,2019
"A75..75",NA,26,2019
"A75..75",NA,27,2019
"A75..75",NA,28,2019
"A75..75",NA,29,2019
"A75..75",NA,30,2019
"A75..75",NA,31,2019
"A75..75",NA,32,2019
"A75..75",NA,33,2019
"A75..75",NA,34,2019
"A75..75",NA,35,2019
"A75..75",NA,36,2019
"A75..75",NA,37,2019
"A75..75",NA,38,2019
"A75..75",NA,39,2019
"A75..75",1,40,2019
"A75..75",NA,41,2019
"A75..75",NA,42,2019
"A75..75",NA,43,2019
"A75..75",NA,44,2019
"A75..75",NA,45,2019
"A75..75",NA,46,2019
"A75..75",NA,47,2019
"A75..75",NA,48,2019
"A75..75",NA,49,2019
"A75..75",1,50,2019
"A75..75",1,51,2019
"A75..75",NA,52,2019
"A76..76",NA,1,2019
"A76..76",2,2,2019
"A76..76",NA,3,2019
"A76..76",NA,4,2019
"A76..76",NA,5,2019
"A76..76",2,6,2019
"A76..76",NA,7,2019
"A76..76",NA,8,2019
"A76..76",NA,9,2019
"A76..76",NA,10,2019
"A76..76",3,11,2019
"A76..76",NA,12,2019
"A76..76",1,13,2019
"A76..76",NA,14,2019
"A76..76",NA,15,2019
"A76..76",1,16,2019
"A76..76",NA,17,2019
"A76..76",NA,18,2019
"A76..76",NA,19,2019
"A76..76",NA,20,2019
"A76..76",NA,21,2019
"A76..76",NA,22,2019
"A76..76",1,23,2019
"A76..76",NA,24,2019
"A76..76",NA,25,2019
"A76..76",NA,26,2019
"A76..76",NA,27,2019
"A76..76",NA,28,2019
"A76..76",NA,29,2019
"A76..76",NA,30,2019
"A76..76",NA,31,2019
"A76..76",NA,32,2019
"A76..76",NA,33,2019
"A76..76",NA,34,2019
"A76..76",NA,35,2019
"A76..76",NA,36,2019
"A76..76",NA,37,2019
"A76..76",NA,38,2019
"A76..76",NA,39,2019
"A76..76",NA,40,2019
"A76..76",1,41,2019
"A76..76",NA,42,2019
"A76..76",NA,43,2019
"A76..76",NA,44,2019
"A76..76",NA,45,2019
"A76..76",NA,46,2019
"A76..76",1,47,2019
"A76..76",NA,48,2019
"A76..76",NA,49,2019
"A76..76",NA,50,2019
"A76..76",1,51,2019
"A76..76",NA,52,2019
"A77..77",1,1,2019
"A77..77",1,2,2019
"A77..77",2,3,2019
"A77..77",2,4,2019
"A77..77",NA,5,2019
"A77..77",2,6,2019
"A77..77",NA,7,2019
"A77..77",NA,8,2019
"A77..77",1,9,2019
"A77..77",1,10,2019
"A77..77",1,11,2019
"A77..77",1,12,2019
"A77..77",NA,13,2019
"A77..77",1,14,2019
"A77..77",1,15,2019
"A77..77",NA,16,2019
"A77..77",1,17,2019
"A77..77",1,18,2019
"A77..77",NA,19,2019
"A77..77",NA,20,2019
"A77..77",1,21,2019
"A77..77",NA,22,2019
"A77..77",1,23,2019
"A77..77",NA,24,2019
"A77..77",NA,25,2019
"A77..77",NA,26,2019
"A77..77",NA,27,2019
"A77..77",NA,28,2019
"A77..77",NA,29,2019
"A77..77",NA,30,2019
"A77..77",NA,31,2019
"A77..77",NA,32,2019
"A77..77",1,33,2019
"A77..77",NA,34,2019
"A77..77",1,35,2019
"A77..77",NA,36,2019
"A77..77",NA,37,2019
"A77..77",NA,38,2019
"A77..77",1,39,2019
"A77..77",1,40,2019
"A77..77",NA,41,2019
"A77..77",NA,42,2019
"A77..77",NA,43,2019
"A77..77",NA,44,2019
"A77..77",2,45,2019
"A77..77",NA,46,2019
"A77..77",1,47,2019
"A77..77",NA,48,2019
"A77..77",NA,49,2019
"A77..77",1,50,2019
"A77..77",NA,51,2019
"A77..77",NA,52,2019
"A78..78",NA,1,2019
"A78..78",1,2,2019
"A78..78",NA,3,2019
"A78..78",1,4,2019
"A78..78",1,5,2019
"A78..78",NA,6,2019
"A78..78",1,7,2019
"A78..78",NA,8,2019
"A78..78",1,9,2019
"A78..78",1,10,2019
"A78..78",NA,11,2019
"A78..78",2,12,2019
"A78..78",1,13,2019
"A78..78",1,14,2019
"A78..78",1,15,2019
"A78..78",1,16,2019
"A78..78",NA,17,2019
"A78..78",1,18,2019
"A78..78",NA,19,2019
"A78..78",NA,20,2019
"A78..78",NA,21,2019
"A78..78",1,22,2019
"A78..78",NA,23,2019
"A78..78",NA,24,2019
"A78..78",NA,25,2019
"A78..78",NA,26,2019
"A78..78",NA,27,2019
"A78..78",NA,28,2019
"A78..78",1,29,2019
"A78..78",2,30,2019
"A78..78",NA,31,2019
"A78..78",NA,32,2019
"A78..78",NA,33,2019
"A78..78",NA,34,2019
"A78..78",NA,35,2019
"A78..78",NA,36,2019
"A78..78",NA,37,2019
"A78..78",NA,38,2019
"A78..78",NA,39,2019
"A78..78",NA,40,2019
"A78..78",NA,41,2019
"A78..78",NA,42,2019
"A78..78",NA,43,2019
"A78..78",NA,44,2019
"A78..78",NA,45,2019
"A78..78",NA,46,2019
"A78..78",NA,47,2019
"A78..78",1,48,2019
"A78..78",NA,49,2019
"A78..78",NA,50,2019
"A78..78",NA,51,2019
"A78..78",NA,52,2019
"A79..79",1,1,2019
"A79..79",NA,2,2019
"A79..79",NA,3,2019
"A79..79",1,4,2019
"A79..79",NA,5,2019
"A79..79",1,6,2019
"A79..79",2,7,2019
"A79..79",NA,8,2019
"A79..79",NA,9,2019
"A79..79",NA,10,2019
"A79..79",2,11,2019
"A79..79",2,12,2019
"A79..79",NA,13,2019
"A79..79",1,14,2019
"A79..79",NA,15,2019
"A79..79",1,16,2019
"A79..79",NA,17,2019
"A79..79",NA,18,2019
"A79..79",NA,19,2019
"A79..79",NA,20,2019
"A79..79",1,21,2019
"A79..79",NA,22,2019
"A79..79",1,23,2019
"A79..79",1,24,2019
"A79..79",NA,25,2019
"A79..79",NA,26,2019
"A79..79",NA,27,2019
"A79..79",NA,28,2019
"A79..79",2,29,2019
"A79..79",NA,30,2019
"A79..79",1,31,2019
"A79..79",NA,32,2019
"A79..79",NA,33,2019
"A79..79",NA,34,2019
"A79..79",NA,35,2019
"A79..79",1,36,2019
"A79..79",NA,37,2019
"A79..79",1,38,2019
"A79..79",NA,39,2019
"A79..79",NA,40,2019
"A79..79",NA,41,2019
"A79..79",NA,42,2019
"A79..79",NA,43,2019
"A79..79",NA,44,2019
"A79..79",NA,45,2019
"A79..79",NA,46,2019
"A79..79",NA,47,2019
"A79..79",NA,48,2019
"A79..79",NA,49,2019
"A79..79",2,50,2019
"A79..79",1,51,2019
"A79..79",1,52,2019
"A80.",16,1,2019
"A80.",14,2,2019
"A80.",3,3,2019
"A80.",5,4,2019
"A80.",3,5,2019
"A80.",1,6,2019
"A80.",7,7,2019
"A80.",5,8,2019
"A80.",7,9,2019
"A80.",8,10,2019
"A80.",8,11,2019
"A80.",5,12,2019
"A80.",4,13,2019
"A80.",6,14,2019
"A80.",6,15,2019
"A80.",4,16,2019
"A80.",3,17,2019
"A80.",2,18,2019
"A80.",4,19,2019
"A80.",3,20,2019
"A80.",5,21,2019
"A80.",3,22,2019
"A80.",1,23,2019
"A80.",2,24,2019
"A80.",4,25,2019
"A80.",3,26,2019
"A80.",3,27,2019
"A80.",4,28,2019
"A80.",1,29,2019
"A80.",3,30,2019
"A80.",2,31,2019
"A80.",1,32,2019
"A80.",3,33,2019
"A80.",1,34,2019
"A80.",NA,35,2019
"A80.",1,36,2019
"A80.",NA,37,2019
"A80.",2,38,2019
"A80.",1,39,2019
"A80.",2,40,2019
"A80.",2,41,2019
"A80.",5,42,2019
"A80.",2,43,2019
"A80.",5,44,2019
"A80.",2,45,2019
"A80.",3,46,2019
"A80.",3,47,2019
"A80.",4,48,2019
"A80.",6,49,2019
"A80.",5,50,2019
"A80.",6,51,2019
"A80.",4,52,2019
